3 -1 0.09490853840445429
3 1 0.09507431763751457
4 -1 0.09490853840445429
4 1 0.09490853840445429
5 -1 0.09713392816117107
5 1 0.09206537235534167
6 -1 0.09191481563556375
6 1 0.09191481563556375
7 -1 0.09191481563556375
7 1 0.09191481563556375
8 -1 0.09176499513596259
8 1 0.09176499513596259
9 -1 0.09146753893967087
9 1 0.09146753893967087
10 -1 0.09131989148405106
10 1 0.09131989148405106
11 -1 0.09131989148405106
11 1 0.09131989148405106
12 -1 0.09146753893967087
12 1 0.09002246323646063
13 -1 0.0908812025192191
13 1 0.0908812025192191
14 -1 0.0908812025192191
14 1 0.0908812025192191
15 -1 0.08089984431474197
15 1 0.08079763347909386
16 -1 0.08089984431474197
16 1 0.08089984431474197
17 -1 0.07546026173639378
17 1 0.07546026173639378
18 -1 0.07546026173639378
18 1 0.07546026173639378
19 -1 0.0752945968566082
19 1 0.0752945968566082
20 -1 0.07521217253341543
20 1 0.07521217253341543
21 -1 0.07521217253341543
21 1 0.07521217253341543
22 -1 0.0751300183060726
22 1 0.0751300183060726
23 -1 0.07546026173639378
23 1 0.07408593736112229
24 -1 0.07496651426397885
24 1 0.07504813270341187
25 -1 0.07496651426397885
25 1 0.07496651426397885
26 -1 0.07496651426397885
26 1 0.07496651426397885
27 -1 0.07248759355586229
27 1 0.07248759355586229
28 -1 0.07248759355586229
28 1 0.07248759355586229
29 -1 0.07226760035206369
29 1 0.07226760035206369
30 -1 0.07226760035206369
30 1 0.07226760035206369
31 -1 0.069972803158258
31 1 0.07416471030966257
32 -1 0.07212204612474758
32 1 0.07212204612474758
33 -1 0.07190535446006935
33 1 0.07190535446006935
34 -1 0.07190535446006935
34 1 0.07190535446006935
35 -1 0.07190535446006935
35 1 0.07010570508833824
36 -1 0.0711969100453585
36 1 0.0711969100453585
37 -1 0.0711969100453585
37 1 0.07112721163426483
38 -1 0.0711969100453585
38 1 0.0711969100453585
39 -1 0.07112721163426483
39 1 0.07112721163426483
40 -1 0.07112721163426483
40 1 0.07112721163426483
41 -1 0.07098842669888326
41 1 0.07098842669888326
42 -1 0.07098842669888326
42 1 0.07098842669888326
43 -1 0.06800491932126512
43 1 0.06800491932126512
44 -1 0.06653341420284709
44 1 0.06659045100229537
45 -1 0.06653341420284709
45 1 0.06653341420284709
46 -1 0.06641977891207265
46 1 0.06641977891207265
47 -1 0.06641977891207265
47 1 0.06641977891207265
48 -1 0.06416030381791457
48 1 0.06818813901394112
49 -1 0.06553117996938733
49 1 0.06553117996938733
50 -1 0.06553117996938733
50 1 0.06553117996938733
51 -1 0.06597099148260543
51 1 0.06499358942765991
52 -1 0.06542259467531625
52 1 0.0628239998873841
53 -1 0.06390640371693523
53 1 0.06390640371693523
54 -1 0.06390640371693523
54 1 0.06390640371693523
55 -1 0.06390640371693523
55 1 0.06390640371693523
56 -1 0.06390640371693523
56 1 0.06390640371693523
57 -1 0.06390640371693523
57 1 0.06390640371693523
58 -1 0.0635559546778224
58 1 0.06360566603059793
59 -1 0.0635559546778224
59 1 0.0635559546778224
60 -1 0.06416030381791457
60 1 0.06258557777528466
61 -1 0.05794298586023682
61 1 0.05735020315163745
62 -1 0.058438396924835136
62 1 0.058438396924835136
63 -1 0.058477033885778885
63 1 0.058438396924835136
64 -1 0.05727737746748334
64 1 0.05727737746748334
65 -1 0.05727737746748334
65 1 0.05731375560854222
66 -1 0.05716865726032671
66 1 0.05716865726032671
67 -1 0.056424564926176084
67 1 0.05587674064348811
68 -1 0.05649418193588921
68 1 0.05649418193588921
69 -1 0.05652908721063946
69 1 0.05649418193588921
70 -1 0.056012199607431624
70 1 0.056012199607431624
71 -1 0.056012199607431624
71 1 0.056012199607431624
72 -1 0.055910513230737494
72 1 0.055910513230737494
73 -1 0.05587674064348811
73 1 0.05587674064348811
74 -1 0.05587674064348811
74 1 0.05587674064348811
75 -1 0.05587674064348811
75 1 0.05587674064348811
76 -1 0.05584302918294945
76 1 0.05584302918294945
77 -1 0.05584302918294945
77 1 0.05584302918294945
78 -1 0.05584302918294945
78 1 0.05584302918294945
79 -1 0.05611444283149894
79 1 0.055443193282227826
80 -1 0.055742259724822066
80 1 0.055742259724822066
81 -1 0.055742259724822066
81 1 0.055742259724822066
82 -1 0.0557087909379055
82 1 0.0557087909379055
83 -1 0.0557087909379055
83 1 0.0557087909379055
84 -1 0.05567538236455563
84 1 0.05567538236455563
85 -1 0.05567538236455563
85 1 0.05567538236455563
86 -1 0.053895341776172445
86 1 0.053895341776172445
87 -1 0.053895341776172445
87 1 0.053895341776172445
88 -1 0.053446829053912515
88 1 0.053804735926072614
89 -1 0.052837315009877095
89 1 0.052837315009877095
90 -1 0.052837315009877095
90 1 0.052837315009877095
91 -1 0.05275193281303704
91 1 0.05275193281303704
92 -1 0.052837315009877095
92 1 0.0523311449216907
93 -1 0.05258240286360635
93 1 0.05258240286360635
94 -1 0.05258240286360635
94 1 0.05258240286360635
95 -1 0.05258240286360635
95 1 0.05258240286360635
96 -1 0.05247028673849394
96 1 0.05247028673849394
97 -1 0.05247028673849394
97 1 0.05247028673849394
98 -1 0.05194735973766673
98 1 0.05194735973766673
99 -1 0.05194735973766673
99 1 0.05194735973766673
100 -1 0.05141345697657406
100 1 0.05143976214947991
101 -1 0.05143976214947991
101 1 0.05143976214947991
102 -1 0.05149249385183127
102 1 0.05097235431611579
103 -1 0.05069291244124324
103 1 0.05069291244124324
104 -1 0.05069291244124324
104 1 0.05069291244124324
105 -1 0.050642596883009885
105 1 0.050642596883009885
106 -1 0.050442822546499524
106 1 0.05039324727896093
107 -1 0.05041801663281884
107 1 0.05041801663281884
108 -1 0.05076866776988303
108 1 0.050026033880704895
109 -1 0.05041801663281884
109 1 0.05041801663281884
110 -1 0.050442822546499524
110 1 0.05041801663281884
111 -1 0.05034381789260162
111 1 0.050294533673367475
112 -1 0.05031915768158705
112 1 0.05031915768158705
113 -1 0.04973797370933114
113 1 0.05071812652502729
114 -1 0.04922254038272075
114 1 0.05022087798283448
115 -1 0.04957221946782822
115 1 0.04957221946782822
116 -1 0.04957221946782822
116 1 0.04957221946782822
117 -1 0.04957221946782822
117 1 0.04957221946782822
118 -1 0.04943145566416128
118 1 0.04943145566416128
119 -1 0.04936152194978971
119 1 0.04938480019774703
120 -1 0.04936152194978971
120 1 0.04936152194978971
121 -1 0.04926873705208213
121 1 0.049478243611835705
122 -1 0.049338276588564094
122 1 0.049338276588564094
123 -1 0.049338276588564094
123 1 0.049338276588564094
124 -1 0.04954867531102984
124 1 0.04903904471933859
125 -1 0.04926873705208213
125 1 0.04924562246627892
126 -1 0.04926873705208213
126 1 0.04924562246627892
127 -1 0.04924562246627892
127 1 0.04924562246627892
128 -1 0.04922254038272075
128 1 0.04922254038272075
129 -1 0.04922254038272075
129 1 0.04922254038272075
130 -1 0.04922254038272075
130 1 0.04922254038272075
131 -1 0.04917647341860851
131 1 0.04915348838649608
132 -1 0.04915348838649608
132 1 0.04915348838649608
133 -1 0.04945483303873096
133 1 0.04876760880767322
134 -1 0.04903904471933859
134 1 0.04903904471933859
135 -1 0.04903904471933859
135 1 0.04903904471933859
136 -1 0.04906186950279257
136 1 0.04906186950279257
137 -1 0.048993490557329565
137 1 0.04901625176211444
138 -1 0.04901625176211444
138 1 0.04901625176211444
139 -1 0.04897076103143277
139 1 0.04897076103143277
140 -1 0.04897076103143277
140 1 0.04897076103143277
141 -1 0.04922254038272075
141 1 0.0487451920706091
142 -1 0.048948063110801826
142 1 0.048948063110801826
143 -1 0.048948063110801826
143 1 0.048948063110801826
144 -1 0.04885758602217449
144 1 0.04885758602217449
145 -1 0.04885758602217449
145 1 0.04885758602217449
146 -1 0.04883504503555422
146 1 0.04883504503555422
147 -1 0.04938480019774703
147 1 0.04832506237059968
148 -1 0.048812535218670634
148 1 0.048812535218670634
149 -1 0.048812535218670634
149 1 0.048812535218670634
150 -1 0.04867812688128781
150 1 0.04892539672246565
151 -1 0.0487451920706091
151 1 0.0487451920706091
152 -1 0.0487451920706091
152 1 0.0487451920706091
153 -1 0.04890276179327757
153 1 0.04852271171233645
154 -1 0.04917647341860851
154 1 0.047767364323771544
155 -1 0.048500630841199634
155 1 0.048500630841199634
156 -1 0.048500630841199634
156 1 0.048500630841199634
157 -1 0.0484126078451865
157 1 0.0484126078451865
158 -1 0.0484126078451865
158 1 0.0484126078451865
159 -1 0.04836877568786745
159 1 0.04847858008728931
160 -1 0.048390676877835485
160 1 0.048390676877835485
161 -1 0.048390676877835485
161 1 0.048390676877835485
162 -1 0.048390676877835485
162 1 0.048390676877835485
163 -1 0.04836877568786745
163 1 0.04836877568786745
164 -1 0.04836877568786745
164 1 0.048346904207759486
165 -1 0.04832506237059968
165 1 0.04832506237059968
166 -1 0.04823799011543615
166 1 0.04823799011543615
167 -1 0.04823799011543615
167 1 0.04823799011543615
168 -1 0.048129808794855504
168 1 0.048129808794855504
169 -1 0.04545875934254479
169 1 0.04637607608040124
170 -1 0.0456415456019133
170 1 0.0456415456019133
171 -1 0.0456415456019133
171 1 0.0456415456019133
172 -1 0.045568166863798686
172 1 0.045549877412229586
173 -1 0.04485332776591083
173 1 0.04483588528893136
174 -1 0.04483588528893136
174 1 0.04483588528893136
175 -1 0.04481846314520935
175 1 0.04481846314520935
176 -1 0.04481846314520935
176 1 0.04481846314520935
177 -1 0.04481846314520935
177 1 0.04481846314520935
178 -1 0.044559544380499916
178 1 0.04483588528893136
179 -1 0.04467981327496348
179 1 0.044697074165453
180 -1 0.04467981327496348
180 1 0.04467981327496348
181 -1 0.0446625723662906
181 1 0.0446625723662906
182 -1 0.0446625723662906
182 1 0.0446625723662906
183 -1 0.0446625723662906
183 1 0.0446625723662906
184 -1 0.04464535140075484
184 1 0.04464535140075484
185 -1 0.04461096914583629
185 1 0.04461096914583629
186 -1 0.04461096914583629
186 1 0.04461096914583629
187 -1 0.044542442271072936
187 1 0.04447423022146362
188 -1 0.044525359838091416
188 1 0.044525359838091416
189 -1 0.044525359838091416
189 1 0.04450829704393133
190 -1 0.04447423022146362
190 1 0.04447423022146362
191 -1 0.04445722611825693
191 1 0.04445722611825693
192 -1 0.04444024150407216
192 1 0.04445722611825693
193 -1 0.044389404223530174
193 1 0.044389404223530174
194 -1 0.044389404223530174
194 1 0.044389404223530174
195 -1 0.04425468644938186
195 1 0.04437249719404111
196 -1 0.04437249719404111
196 1 0.04437249719404111
197 -1 0.04430506174902015
197 1 0.04430506174902015
198 -1 0.04430506174902015
198 1 0.04430506174902015
199 -1 0.042637961731227164
199 1 0.04353505009199041
200 -1 0.040813174419405795
200 1 0.040800032195750936
201 -1 0.040813174419405795
201 1 0.040813174419405795
202 -1 0.04076068156880107
202 1 0.04070839074347718
203 -1 0.0401211583512994
203 1 0.0401211583512994
204 -1 0.04013365520824474
204 1 0.04010867316088274
205 -1 0.03992278305254826
205 1 0.03992278305254826
206 -1 0.03992278305254826
206 1 0.03992278305254826
207 -1 0.03992278305254826
207 1 0.03992278305254826
208 -1 0.039788094549166465
208 1 0.03986139168444113
209 -1 0.039824692528244575
209 1 0.039824692528244575
210 -1 0.039824692528244575
210 1 0.039824692528244575
211 -1 0.03980028266231764
211 1 0.03980028266231764
212 -1 0.039788094549166465
212 1 0.039788094549166465
213 -1 0.039788094549166465
213 1 0.039788094549166465
214 -1 0.039763751876628284
214 1 0.039763751876628284
215 -1 0.03972732149619332
215 1 0.03972732149619332
216 -1 0.03972732149619332
216 1 0.03972732149619332
217 -1 0.039751597283051616
217 1 0.039715200268885524
218 -1 0.039715200268885524
218 1 0.039715200268885524
219 -1 0.039715200268885524
219 1 0.039715200268885524
220 -1 0.039703090129811894
220 1 0.039703090129811894
221 -1 0.03949889802363262
221 1 0.039898192484743876
222 -1 0.03965476011783778
222 1 0.03965476011783778
223 -1 0.03965476011783778
223 1 0.03965476011783778
224 -1 0.03954665970741521
224 1 0.039534703045074664
225 -1 0.039534703045074664
225 1 0.03954665970741521
226 -1 0.03946319010795595
226 1 0.039534703045074664
227 -1 0.039534703045074664
227 1 0.03912293326989524
228 -1 0.039204257940552725
228 1 0.03927436993324919
229 -1 0.03925095749008157
229 1 0.03912293326989524
230 -1 0.0391809705859468
230 1 0.0391809705859468
231 -1 0.03930956728455816
231 1 0.0389389325638326
232 -1 0.03826052139177621
232 1 0.03828220488537412
233 -1 0.0382713585315758
233 1 0.0382713585315758
234 -1 0.03828220488537412
234 1 0.03828220488537412
235 -1 0.03822806512572453
235 1 0.038217264711600446
236 -1 0.03822806512572453
236 1 0.03822806512572453
237 -1 0.03814191726385413
237 1 0.03831479936118497
238 -1 0.03816339961827728
238 1 0.03817415441615794
239 -1 0.03816339961827728
239 1 0.03816339961827728
240 -1 0.03809906116351777
240 1 0.03809906116351777
241 -1 0.03808836969109156
241 1 0.03808836969109156
242 -1 0.03808836969109156
242 1 0.03809906116351777
243 -1 0.03808836969109156
243 1 0.03808836969109156
244 -1 0.0380670137209901
244 1 0.03808836969109156
245 -1 0.03807768721443548
245 1 0.03807768721443548
246 -1 0.03803504701382079
246 1 0.03812047114618765
247 -1 0.0380670137209901
247 1 0.0380670137209901
248 -1 0.0380670137209901
248 1 0.0380670137209901
249 -1 0.0380670137209901
249 1 0.0380670137209901
250 -1 0.038013780561498844
250 1 0.038013780561498844
251 -1 0.038024409327437975
251 1 0.038013780561498844
252 -1 0.03799254974132728
252 1 0.03784492339993972
253 -1 0.03781351247459828
253 1 0.03781351247459828
254 -1 0.03781351247459828
254 1 0.03781351247459828
255 -1 0.03678997985596675
255 1 0.03687696534944065
256 -1 0.03665588419550805
256 1 0.03665588419550805
257 -1 0.03664636194983419
257 1 0.03667495097660823
258 -1 0.03642003124991095
258 1 0.03652324422092023
259 -1 0.036438732165772716
259 1 0.036438732165772716
260 -1 0.03644809343304071
260 1 0.036438732165772716
261 -1 0.03600672789021913
261 1 0.03642937810784069
262 -1 0.035677241814049576
262 1 0.03563340687696381
263 -1 0.035659688434485116
263 1 0.035659688434485116
264 -1 0.0357653992051948
264 1 0.035485567821668965
265 -1 0.035485567821668965
265 1 0.03536518997305661
266 -1 0.035425225503075065
266 1 0.035425225503075065
267 -1 0.035425225503075065
267 1 0.03540804130342496
268 -1 0.035416630276556525
268 1 0.035416630276556525
269 -1 0.035451048778622346
269 1 0.035425225503075065
270 -1 0.03543382699049421
270 1 0.03543382699049421
271 -1 0.035459669094579635
271 1 0.035313973161256736
272 -1 0.03537374779287547
272 1 0.03537374779287547
273 -1 0.035313973161256736
273 1 0.035331020699412484
274 -1 0.035322493844993405
274 1 0.035322493844993405
275 -1 0.035339553731926765
275 1 0.03527146204299762
276 -1 0.0352969502761257
276 1 0.0352969502761257
277 -1 0.0352969502761257
277 1 0.0352969502761257
278 -1 0.0352799519846187
278 1 0.0352799519846187
279 -1 0.03528844805989082
279 1 0.035186898358517606
280 -1 0.03524602894602804
280 1 0.03524602894602804
281 -1 0.03524602894602804
281 1 0.035237563465176425
282 -1 0.035170058492346265
282 1 0.0352799519846187
283 -1 0.035170058492346265
283 1 0.035170058492346265
284 -1 0.035195327367724565
284 1 0.035153242780898
285 -1 0.03433419883008309
285 1 0.03474864706255586
286 -1 0.03424841194142827
286 1 0.03424841194142827
287 -1 0.03422512689944438
287 1 0.03427953272198197
288 -1 0.034140152973979175
288 1 0.03417869894197616
289 -1 0.03407874977146175
289 1 0.03407874977146175
290 -1 0.03407874977146175
290 1 0.03407874977146175
291 -1 0.034117087897824486
291 1 0.033994858797704454
292 -1 0.03409406950690085
292 1 0.03409406950690085
293 -1 0.03406345066862993
293 1 0.03407109764386098
294 -1 0.03407109764386098
294 1 0.03407109764386098
295 -1 0.0340176766940973
295 1 0.03402529287616137
296 -1 0.0340176766940973
296 1 0.0340176766940973
297 -1 0.033994858797704454
297 1 0.03396450623916219
298 -1 0.033987263029826846
298 1 0.033987263029826846
299 -1 0.03397967235120653
299 1 0.033994858797704454
300 -1 0.0339720867562319
300 1 0.0339720867562319
301 -1 0.0339720867562319
301 1 0.0339720867562319
302 -1 0.033911584327507203
302 1 0.03395693079440343
303 -1 0.033911584327507203
303 1 0.033911584327507203
304 -1 0.033911584327507203
304 1 0.033911584327507203
305 -1 0.03382891884663858
305 1 0.033858909028803445
306 -1 0.03388897911382314
306 1 0.03388897911382314
307 -1 0.03382143374448671
307 1 0.033813953608640965
308 -1 0.03382143374448671
308 1 0.03382143374448671
309 -1 0.033467889885387694
309 1 0.03364326867510843
310 -1 0.0334461598387927
310 1 0.03341003696421234
311 -1 0.033431696633865415
311 1 0.033431696633865415
312 -1 0.03331666249791734
312 1 0.0333524830248797
313 -1 0.033338140954547006
313 1 0.033338140954547006
314 -1 0.03334530967649246
314 1 0.03334530967649246
315 -1 0.033238261857119006
315 1 0.03335966100475241
316 -1 0.03320988945600411
316 1 0.03320988945600411
317 -1 0.033195730474568516
317 1 0.033195730474568516
318 -1 0.033195730474568516
318 1 0.03320280770104073
319 -1 0.033125206217125704
319 1 0.033125206217125704
320 -1 0.033125206217125704
320 1 0.033125206217125704
321 -1 0.033090112228892146
321 1 0.033090112228892146
322 -1 0.033006339658459075
322 1 0.03301329641679856
323 -1 0.03301329641679856
323 1 0.03301329641679856
324 -1 0.03302025757586034
324 1 0.03303419311459745
325 -1 0.032971621715049394
325 1 0.033006339658459075
326 -1 0.03298549574120802
326 1 0.03298549574120802
327 -1 0.032971621715049394
327 1 0.032930104441448775
328 -1 0.03295084346171067
328 1 0.03295084346171067
329 -1 0.032943926101840486
329 1 0.032943926101840486
330 -1 0.032923200131799966
330 1 0.032923200131799966
331 -1 0.032923200131799966
331 1 0.032923200131799966
332 -1 0.03277920543925036
332 1 0.03298549574120802
333 -1 0.03243722217104338
333 1 0.032443825168004745
334 -1 0.032443825168004745
334 1 0.03243722217104338
335 -1 0.03239111380065184
335 1 0.032424028262764006
336 -1 0.03245043219894302
336 1 0.032306003096831536
337 -1 0.032253959562291684
337 1 0.03224747178999885
338 -1 0.03224747178999885
338 1 0.03224747178999885
339 -1 0.03222803193785158
339 1 0.03222803193785158
340 -1 0.03224098793113999
340 1 0.03216348544419906
341 -1 0.03220216673951972
341 1 0.032195710164686246
342 -1 0.032195710164686246
342 1 0.032195710164686246
343 -1 0.03215705210369881
343 1 0.03218280865739337
344 -1 0.03216992264737829
344 1 0.03216992264737829
345 -1 0.0318152827447993
345 1 0.0318152827447993
346 -1 0.031709923576218435
346 1 0.031709923576218435
347 -1 0.031654567251941886
347 1 0.03177177252045837
348 -1 0.03148418387628559
348 1 0.03168528493724702
349 -1 0.03156294747295458
349 1 0.03156294747295458
350 -1 0.03145404681199016
350 1 0.03167913424612795
351 -1 0.031006363386766034
351 1 0.031006363386766034
352 -1 0.03088599438981109
352 1 0.03088599438981109
353 -1 0.030817838379435476
353 1 0.030954604606269833
354 -1 0.030897397747918692
354 1 0.030897397747918692
355 -1 0.030857541141582463
355 1 0.03093168375559001
356 -1 0.030789572906749232
356 1 0.030533128036316266
357 -1 0.030555173618992505
357 1 0.030566214332491515
358 -1 0.030555173618992505
358 1 0.030560692479993136
359 -1 0.030654973036447583
359 1 0.030654973036447583
360 -1 0.03059940842117774
360 1 0.030467276497313095
361 -1 0.030577267022899687
361 1 0.03052762409249542
362 -1 0.030549657746814552
362 1 0.030549657746814552
363 -1 0.030549657746814552
363 1 0.030549657746814552
364 -1 0.030445420485540678
364 1 0.0304782221691193
365 -1 0.030461808081865584
365 1 0.030461808081865584
366 -1 0.030385558129775777
366 1 0.03038013359020006
367 -1 0.03038013359020006
367 1 0.03038013359020006
368 -1 0.030326047498555827
368 1 0.030326047498555827
369 -1 0.03026688516102278
369 1 0.03026688516102278
370 -1 0.030250809979658844
370 1 0.030277616196691795
371 -1 0.030293734172901876
371 1 0.030186764438548078
372 -1 0.030176129678862396
372 1 0.030144292712370704
373 -1 0.029970972753389426
373 1 0.029970972753389426
374 -1 0.029836503517489777
374 1 0.030101999751912203
375 -1 0.03007565687495717
375 1 0.03007565687495717
376 -1 0.030028413471696682
376 1 0.030065139071919173
377 -1 0.03004938303672727
377 1 0.03004938303672727
378 -1 0.03004938303672727
378 1 0.03004938303672727
379 -1 0.03004938303672727
379 1 0.030023177936214042
380 -1 0.030038892764796765
380 1 0.030038892764796765
381 -1 0.030023177936214042
381 1 0.030023177936214042
382 -1 0.02995016679962886
382 1 0.030096725638919304
383 -1 0.030007487745463114
383 1 0.029965767200104132
384 -1 0.029919038954607947
384 1 0.03005988430667188
385 -1 0.02991386041038653
385 1 0.02991386041038653
386 -1 0.029898340896823025
386 1 0.029929404116514992
387 -1 0.029919038954607947
387 1 0.029919038954607947
388 -1 0.029898340896823025
388 1 0.029903511383817378
389 -1 0.029903511383817378
389 1 0.029903511383817378
390 -1 0.02987768573657572
390 1 0.02987768573657572
391 -1 0.02969369550131866
391 1 0.029851926885556625
392 -1 0.029713971157825255
392 1 0.029719046564999144
393 -1 0.02969369550131866
393 1 0.029739374232623062
394 -1 0.029739374232623062
394 1 0.029713971157825255
395 -1 0.029724124573857244
395 1 0.029724124573857244
396 -1 0.029648226608713187
396 1 0.02967346129418008
397 -1 0.029658312755152707
397 1 0.029633116664663534
398 -1 0.029643187392790205
398 1 0.029643187392790205
399 -1 0.02962305619360216
399 1 0.02962305619360216
400 -1 0.029513063031291472
400 1 0.029513063031291472
401 -1 0.029503124299542733
401 1 0.02952798997973038
402 -1 0.02955791194990892
402 1 0.029404286084410255
403 -1 0.029483276921385183
403 1 0.029369926669852393
404 -1 0.029428902485616016
404 1 0.029428902485616016
405 -1 0.029335687423209994
405 1 0.029335687423209994
406 -1 0.02931617582314704
406 1 0.029350346716567794
407 -1 0.029350346716567794
407 1 0.029350346716567794
408 -1 0.02929670310375118
408 1 0.02929670310375118
409 -1 0.029257873791662555
409 1 0.029228852914486306
410 -1 0.029243352553044596
410 1 0.029243352553044596
411 -1 0.02921919846239563
411 1 0.029238516942823492
412 -1 0.029253030975466034
412 1 0.02921437482251321
413 -1 0.02923368373064583
413 1 0.02923368373064583
414 -1 0.02918548306515303
414 1 0.029253030975466034
415 -1 0.02921919846239563
415 1 0.02921919846239563
416 -1 0.02913752003675615
416 1 0.029243352553044596
417 -1 0.029209553570746474
417 1 0.029209553570746474
418 -1 0.029180676100944936
418 1 0.029171069293740172
419 -1 0.029175871511110774
419 1 0.029175871511110774
420 -1 0.029175871511110774
420 1 0.029175871511110774
421 -1 0.029147093725212122
421 1 0.029180676100944936
422 -1 0.029161471968497218
422 1 0.029161471968497218
423 -1 0.02916626944683763
423 1 0.02916626944683763
424 -1 0.02914230570156024
424 1 0.029147093725212122
425 -1 0.02914230570156024
425 1 0.02914230570156024
426 -1 0.029070767325840657
426 1 0.029190292405735098
427 -1 0.02913752003675615
427 1 0.02913752003675615
428 -1 0.029108855474921605
428 1 0.029161471968497218
429 -1 0.02913752003675615
429 1 0.02913752003675615
430 -1 0.02911362702737293
430 1 0.029108855474921605
431 -1 0.029104086267811448
431 1 0.029127955775861858
432 -1 0.02911362702737293
432 1 0.02911362702737293
433 -1 0.02911840092706662
433 1 0.02911840092706662
434 -1 0.029108855474921605
434 1 0.02909931940407844
435 -1 0.029104086267811448
435 1 0.029104086267811448
436 -1 0.02904229912839508
436 1 0.029123177175906026
437 -1 0.029085032854142087
437 1 0.029085032854142087
438 -1 0.029085032854142087
438 1 0.029085032854142087
439 -1 0.029070767325840657
439 1 0.029070767325840657
440 -1 0.029047038020334117
440 1 0.029032828298493435
441 -1 0.029037562555063873
441 1 0.029037562555063873
442 -1 0.02909931940407844
442 1 0.02891989628551291
443 -1 0.028985612739026043
443 1 0.02900447130493248
444 -1 0.028995037422328836
444 1 0.028995037422328836
445 -1 0.0289809038424313
445 1 0.0289809038424313
446 -1 0.029013914401812224
446 1 0.028952698576542153
447 -1 0.028976197240082886
447 1 0.028976197240082886
448 -1 0.02904229912839508
448 1 0.028901202103676915
449 -1 0.02892457550184383
449 1 0.02892457550184383
450 -1 0.02891521933938181
450 1 0.028929256990169197
451 -1 0.028868574335071458
451 1 0.02884069545427776
452 -1 0.0288546247936193
452 1 0.0288546247936193
453 -1 0.028812897187125465
453 1 0.028812897187125465
454 -1 0.02884069545427776
454 1 0.02878056724503793
455 -1 0.0288546247936193
455 1 0.028808271952788834
456 -1 0.028789793264585015
456 1 0.028803648945134732
457 -1 0.028799028162419124
457 1 0.028799028162419124
458 -1 0.02878517914590439
458 1 0.02878517914590439
459 -1 0.02878517914590439
459 1 0.02878517914590439
460 -1 0.028803648945134732
460 1 0.028743751665843587
461 -1 0.02877595756016761
461 1 0.028743751665843587
462 -1 0.028762141783949265
462 1 0.028762141783949265
463 -1 0.02875294231409081
463 1 0.02875294231409081
464 -1 0.028762141783949265
464 1 0.02870250253911509
465 -1 0.02867054237366506
465 1 0.02869336015871692
466 -1 0.0286842265089068
466 1 0.0286842265089068
467 -1 0.028602414255903846
467 1 0.028716232510028857
468 -1 0.028652327287730803
468 1 0.028652327287730803
469 -1 0.02865687780429181
469 1 0.028643232754163958
470 -1 0.02864777893825446
470 1 0.02864777893825446
471 -1 0.028593367153274
471 1 0.028620534254077835
472 -1 0.02855276116759837
472 1 0.028625069637088947
473 -1 0.028588846820116177
473 1 0.028588846820116177
474 -1 0.02857981258168142
474 1 0.02857981258168142
475 -1 0.028557264402559814
475 1 0.028557264402559814
476 -1 0.028566277268323226
476 1 0.028548260062309056
477 -1 0.02857981258168142
477 1 0.02850336577434088
478 -1 0.028485467269739356
478 1 0.028489938734675126
479 -1 0.028485467269739356
479 1 0.028485467269739356
480 -1 0.028463141482724857
480 1 0.028463141482724857
481 -1 0.02844086810777559
481 1 0.02844531859965251
482 -1 0.02844531859965251
482 1 0.02844531859965251
483 -1 0.02844086810777559
483 1 0.02844086810777559
484 -1 0.028365527927471247
484 1 0.028489938734675126
485 -1 0.02841420895356451
485 1 0.02843641970418769
486 -1 0.028423087006881127
486 1 0.028423087006881127
487 -1 0.028405339214329684
487 1 0.028405339214329684
488 -1 0.028396477776188048
488 1 0.02841420895356451
489 -1 0.02839205016600997
489 1 0.028365527927471247
490 -1 0.028378779751552653
490 1 0.028378779751552653
491 -1 0.028365527927471247
491 1 0.02835670368461194
492 -1 0.028378779751552653
492 1 0.028378779751552653
493 -1 0.028286404961833517
493 1 0.028334679057083468
494 -1 0.028312705669472304
494 1 0.028312705669472304
495 -1 0.028308317123258736
495 1 0.028308317123258736
496 -1 0.028343482748161217
496 1 0.028186260367601374
497 -1 0.02826454360531973
497 1 0.02826454360531973
498 -1 0.0282514510961854
498 1 0.028273282063898664
499 -1 0.02822097252405606
499 1 0.02822097252405606
500 -1 0.02825581324415448
500 1 0.028186260367601374
501 -1 0.028035886744959937
501 1 0.028112920314275865
502 -1 0.028018854005393896
502 1 0.02801034926881965
503 -1 0.02801460066890872
503 1 0.02801460066890872
504 -1 0.028006099803677173
504 1 0.027955256615368747
505 -1 0.027980643564697694
505 1 0.027980643564697694
506 -1 0.027963711252370866
506 1 0.027951032171571008
507 -1 0.027925725663743746
507 1 0.027925725663743746
508 -1 0.027825182670680567
508 1 0.02799760667238357
509 -1 0.027908892795633966
509 1 0.027908892795633966
510 -1 0.02791730542364377
510 1 0.027875318175594008
511 -1 0.027896288101211697
511 1 0.027896288101211697
512 -1 0.027938370321705694
512 1 0.027812691005546064
513 -1 0.027829350300839557
513 1 0.027829350300839557
514 -1 0.027875318175594008
514 1 0.02778775806373617
515 -1 0.027833519804250046
515 1 0.027833519804250046
516 -1 0.027800216149112423
516 1 0.027837691182277816
517 -1 0.027804372569290442
517 1 0.027825182670680567
518 -1 0.027816853024414907
518 1 0.027816853024414907
519 -1 0.027816853024414907
519 1 0.027816853024414907
520 -1 0.027808530854290754
520 1 0.027771173306610716
521 -1 0.02778775806373617
521 1 0.02778775806373617
522 -1 0.027771173306610716
522 1 0.02778775806373617
523 -1 0.02777946197215855
523 1 0.02777946197215855
524 -1 0.027829350300839557
524 1 0.027717477227082527
525 -1 0.02776289205600177
525 1 0.027783609089003083
526 -1 0.027771173306610716
526 1 0.027771173306610716
527 -1 0.02776289205600177
527 1 0.02776289205600177
528 -1 0.027733965912193542
528 1 0.02776289205600177
529 -1 0.027542061303489858
529 1 0.027946809642337606
530 -1 0.027767031755139393
530 1 0.027721596641132648
531 -1 0.027742221297375705
531 1 0.027742221297375705
532 -1 0.027746351755427848
532 1 0.027746351755427848
533 -1 0.027738092683434048
533 1 0.027746351755427848
534 -1 0.027742221297375705
534 1 0.027742221297375705
535 -1 0.02770924390528492
535 1 0.02775461820928278
536 -1 0.027733965912193542
536 1 0.027733965912193542
537 -1 0.027733965912193542
537 1 0.027733965912193542
538 -1 0.027729840982321365
538 1 0.02770512999479364
539 -1 0.027717477227082527
539 1 0.027717477227082527
540 -1 0.027713359648933518
540 1 0.027713359648933518
541 -1 0.027729840982321365
541 1 0.027692799248703954
542 -1 0.027721596641132648
542 1 0.027684587892187848
543 -1 0.02770101791611795
543 1 0.02770101791611795
544 -1 0.027684587892187848
544 1 0.02770101791611795
545 -1 0.027692799248703954
545 1 0.027692799248703954
546 -1 0.027729840982321365
546 1 0.02759474240760141
547 -1 0.02767228454164782
547 1 0.027651815358768945
548 -1 0.027639555630686447
548 1 0.02767638383573707
549 -1 0.027659997579794843
549 1 0.027659997579794843
550 -1 0.02766818706852288
550 1 0.027635472676873402
551 -1 0.027651815358768945
551 1 0.027651815358768945
552 -1 0.027651815358768945
552 1 0.027651815358768945
553 -1 0.027643640394702088
553 1 0.027659997579794843
554 -1 0.027623234663420287
554 1 0.027659997579794843
555 -1 0.027651815358768945
555 1 0.027651815358768945
556 -1 0.027647726970295508
556 1 0.02763139153194489
557 -1 0.027639555630686447
557 1 0.027639555630686447
558 -1 0.02763139153194489
558 1 0.02763139153194489
559 -1 0.027615085014428494
559 1 0.027615085014428494
560 -1 0.027615085014428494
560 1 0.027615085014428494
561 -1 0.027606942574325943
561 1 0.027606942574325943
562 -1 0.02755419169884455
562 1 0.02765590556150039
563 -1 0.027606942574325943
563 1 0.027606942574325943
564 -1 0.027627312194584176
564 1 0.027562287539093275
565 -1 0.027590679278324
565 1 0.027602874054297274
566 -1 0.027590679278324
566 1 0.027590679278324
567 -1 0.02757444469070396
567 1 0.027582558401247015
568 -1 0.027578500650808427
568 1 0.027578500650808427
569 -1 0.02755419169884455
569 1 0.027570390519580597
570 -1 0.027562287539093275
570 1 0.027562287539093275
571 -1 0.027538021397163184
571 1 0.027538021397163184
572 -1 0.027586617943300286
572 1 0.027485663868520433
573 -1 0.02743759796663646
573 1 0.027598807332491024
574 -1 0.027566338136160457
574 1 0.027481648725149493
575 -1 0.027521879530933574
575 1 0.027521879530933574
576 -1 0.02757444469070396
576 1 0.027417644798429675
577 -1 0.02750979174197344
577 1 0.02750979174197344
578 -1 0.027485663868520433
578 1 0.027485663868520433
579 -1 0.027566338136160457
579 1 0.027401713568269027
580 -1 0.02736993424348342
580 1 0.027558238727085405
581 -1 0.02734617217773637
581 1 0.027469613844458902
582 -1 0.027405693772153635
582 1 0.027405693772153635
583 -1 0.02739375836021593
583 1 0.02739375836021593
584 -1 0.027302768659442075
584 1 0.02736993424348342
585 -1 0.027342217847264816
585 1 0.02733431432987455
586 -1 0.02724391373293102
586 1 0.027417644798429675
587 -1 0.027287036725751803
587 1 0.027287036725751803
588 -1 0.027279180949939388
588 1 0.02729489929232297
589 -1 0.027342217847264816
589 1 0.02719710285000747
590 -1 0.02724000359099656
590 1 0.02724000359099656
591 -1 0.027354085988398603
591 1 0.027131198576905904
592 -1 0.027228283259035663
592 1 0.027166029314761655
593 -1 0.02719710285000747
593 1 0.02719710285000747
594 -1 0.02718155276134735
594 1 0.02718155276134735
595 -1 0.027173787712551696
595 1 0.027173787712551696
596 -1 0.02715053243424282
596 1 0.02719321282597198
597 -1 0.02722437984231569
597 1 0.027104200433883514
598 -1 0.027162152607018805
598 1 0.027162152607018805
599 -1 0.02704661761880899
599 1 0.027259571155905216
600 -1 0.02733036514047868
600 1 0.026970408344710248
601 -1 0.02712347659051589
601 1 0.02712347659051589
602 -1 0.027189324470656858
602 1 0.027061937142916312
603 -1 0.02712347659051589
603 1 0.02712347659051589
604 -1 0.02710805237739269
604 1 0.027092654448078398
605 -1 0.02710035013192663
605 1 0.02710035013192663
606 -1 0.027061937142916312
606 1 0.026997008260781358
607 -1 0.026906134482851826
607 1 0.026883559061875242
608 -1 0.02681244336164812
608 1 0.02681244336164812
609 -1 0.026767817904868013
609 1 0.026767817904868013
610 -1 0.026602435418893306
610 1 0.0269363237035414
611 -1 0.02658424820447211
611 1 0.02658424820447211
612 -1 0.02658424820447211
612 1 0.026587882663202368
613 -1 0.02651547544090729
613 1 0.026573353764490944
614 -1 0.02651547544090729
614 1 0.02651547544090729
615 -1 0.026540750632606438
615 1 0.026486677739823758
616 -1 0.026468726753199775
616 1 0.026468726753199775
617 -1 0.026468726753199775
617 1 0.026468726753199775
618 -1 0.026468726753199775
618 1 0.026468726753199775
619 -1 0.026454392212870534
619 1 0.026443656578129
620 -1 0.02644723367067311
620 1 0.02644723367067311
621 -1 0.02644008093662369
621 1 0.026404404114368632
622 -1 0.026407965299096905
622 1 0.026407965299096905
623 -1 0.026383067218659552
623 1 0.026383067218659552
624 -1 0.026390173768879224
624 1 0.026379516095801817
625 -1 0.026404404114368632
625 1 0.026351158639495227
626 -1 0.02636178196532604
626 1 0.02636178196532604
627 -1 0.026368871324593292
627 1 0.026351158639495227
628 -1 0.026294717003305875
628 1 0.026432934002872367
629 -1 0.026291201431803177
629 1 0.026393729198174204
630 -1 0.026186385593491415
630 1 0.026172504656609925
631 -1 0.026113755974997172
631 1 0.026189859280002212
632 -1 0.026162108427929695
632 1 0.026162108427929695
633 -1 0.02616557246084535
633 1 0.026158645770464742
634 -1 0.02610342957006368
634 1 0.02610342957006368
635 -1 0.026096552102005035
635 1 0.026110312478439996
636 -1 0.02599743577099828
636 1 0.02626312753010694
637 -1 0.026127543597905246
637 1 0.026127543597905246
638 -1 0.026259624612123535
638 1 0.025892722747655958
639 -1 0.025977069582377506
639 1 0.026062246116216645
640 -1 0.0259499889708192
640 1 0.0259499889708192
641 -1 0.025946609845989024
641 1 0.0259499889708192
642 -1 0.025912891040529126
642 1 0.025929734000413332
643 -1 0.025922992876162163
643 1 0.025922992876162163
644 -1 0.02576276681655207
644 1 0.0259499889708192