2.2 3.7267304990383674
2.175757575757576 3.717347397835464
2.151515151515152 3.7081557892998562
2.1272727272727274 3.6991556734315445
2.103030303030303 3.6903470502305287
2.078787878787879 3.681729919696809
2.0545454545454547 3.673304281830385
2.0303030303030303 3.665070136631257
2.0060606060606063 3.6570274840994252
1.981818181818182 3.649176324234889
1.9575757575757577 3.641516657037649
1.9333333333333336 3.634048482507705
1.9090909090909092 3.626771800645056
1.884848484848485 3.619686611449704
1.8606060606060608 3.6127929149216476
1.8363636363636364 3.606090711060887
1.8121212121212122 3.5995799998674225
1.787878787878788 3.593260781341254
1.7636363636363637 3.5871330554823815
1.7393939393939395 3.5811968222908046
1.7151515151515153 3.5754520817665236
1.690909090909091 3.569898833909539
1.6666666666666667 3.56453707871985
1.6424242424242426 3.559366816197457
1.6181818181818182 3.5543880463423596
1.593939393939394 3.5496007691545586
1.5696969696969698 3.5450049846340534
1.5454545454545454 3.540600692780844
1.5212121212121212 3.536387893594931
1.496969696969697 3.5323665870763135
1.4727272727272727 3.528536773224992
1.4484848484848487 3.5248984520409663
1.4242424242424243 3.5214516235242366
1.4 3.518196287674803
1.375757575757576 3.5151324444926653
1.3515151515151516 3.5122600939778232
1.3272727272727274 3.5095792361302776
1.3030303030303032 3.5070898709500278
1.2787878787878788 3.5047919984370735
1.2545454545454546 3.5026856185914155
1.2303030303030305 3.5007707314130534
1.206060606060606 3.499047336901987
1.1818181818181819 3.497515435058217
1.1575757575757577 3.4961750258817426
1.1333333333333333 3.495026109372564
1.1090909090909091 3.4940686855306815
1.084848484848485 3.493302754356095
1.0606060606060606 3.4927283158488045
1.0363636363636364 3.4923453700088096
1.0121212121212122 3.492153916836111
0.9878787878787878 3.492153956330708
0.9636363636363636 3.4923454884926013
0.9393939393939394 3.4927285133217905
0.915151515151515 3.493303030818275
0.8909090909090909 3.494069040982056
0.8666666666666667 3.495026543813133
0.8424242424242423 3.4961755393115057
0.8181818181818181 3.4975160274771744
0.793939393939394 3.499048008310139
0.7696969696969698 3.5007714818104
0.7454545454545454 3.5026864479779563
0.7212121212121212 3.5047929068128085
0.696969696969697 3.507090858314957
0.6727272727272726 3.5095803024844012
0.6484848484848484 3.5122612393211416
0.6242424242424243 3.515133668825178
0.5999999999999999 3.5181975909965097
0.5757575757575757 3.521453005835138
0.5515151515151515 3.524899913341062
0.5272727272727271 3.528538313514282
0.5030303030303029 3.5323682063547976
0.47878787878787876 3.5363895918626094
0.4545454545454546 3.540602470037717
0.4303030303030302 3.545006840880121
0.406060606060606 3.5496027043898204
0.38181818181818183 3.5543900605668157
0.35757575757575744 3.5593689094111074
0.33333333333333326 3.5645392509226945
0.3090909090909091 3.569901085101578
0.2848484848484847 3.5754544119477574
0.2606060606060605 3.581199231461232
0.23636363636363633 3.5871355436420034
0.21212121212121193 3.5932633484900705
0.18787878787878798 3.5995826460054334
0.16363636363636358 3.6060934361880923
0.13939393939393918 3.612795719038047
0.11515151515151523 3.619689494555298
0.09090909090909083 3.626774762739845
0.06666666666666643 3.6340515235916873
0.042424242424242475 3.641519777110826
0.018181818181818077 3.6491795232972604
-0.006060606060606322 3.657030762150991
-0.030303030303030276 3.665073493672017
-0.054545454545454675 3.6733077178603395
-0.07878787878787907 3.681733434715958
-0.10303030303030303 3.690350644238872
-0.12727272727272743 3.699159346429082
-0.15151515151515182 3.708159541286588
-0.17575757575757578 3.71735122881139
-0.19999999999999996 3.726734409003488
