-1.2 1.8031002565625696
-1.1757575757575758 1.7309839025594336
-1.1515151515151514 1.6603393046879997
-1.1272727272727272 1.5911664629482694
-1.103030303030303 1.5234653773402416
-1.0787878787878786 1.4572360478639161
-1.0545454545454545 1.3924784745192937
-1.0303030303030303 1.3291926573063744
-1.006060606060606 1.2673785962251574
-0.9818181818181818 1.207036291275643
-0.9575757575757575 1.1481657424578313
-0.9333333333333333 1.0907669497717227
-0.9090909090909091 1.0348399132173167
-0.8848484848484848 0.980384632794613
-0.8606060606060606 0.9274011085036126
-0.8363636363636363 0.8758893403443148
-0.812121212121212 0.8258493283167194
-0.7878787878787878 0.7772810724208271
-0.7636363636363637 0.7301845726566376
-0.7393939393939393 0.6845598290241504
-0.7151515151515151 0.6404068415233662
-0.6909090909090909 0.5977256101542849
-0.6666666666666666 0.5565161349169062
-0.6424242424242423 0.5167784158112302
-0.6181818181818182 0.478512452837257
-0.5939393939393939 0.44171824599498644
-0.5696969696969697 0.4063957952844187
-0.5454545454545454 0.37254510070555363
-0.5212121212121211 0.34016616225839125
-0.49696969696969695 0.3092589799429317
-0.47272727272727266 0.27982355375917484
-0.4484848484848485 0.2518598837071208
-0.4242424242424242 0.2253679697867694
-0.3999999999999999 0.2003478119981207
-0.37575757575757573 0.17679941034117486
-0.35151515151515145 0.1547227648159316
-0.32727272727272727 0.13411787542239123
-0.303030303030303 0.11498474216055347
-0.2787878787878787 0.09732336503041844
-0.2545454545454545 0.08113374403198624
-0.23030303030303023 0.06641587916525671
-0.20606060606060606 0.053169770430229954
-0.18181818181818188 0.041395417826905936
-0.15757575757575748 0.03109282135528455
-0.1333333333333333 0.022261981015365993
-0.10909090909090913 0.01490289680715016
-0.08484848484848473 0.009015568730637
-0.06060606060606055 0.004599996785826629
-0.036363636363636376 0.001656180972718985
-0.012121212121211977 0.00018412129131405828
0.0121212121212122 0.000183817741611877
0.036363636363636376 0.001655270323612421
0.06060606060606055 0.0045984790373156895
0.08484848484848495 0.00901344388272173
0.10909090909090913 0.014900164859830464
0.1333333333333333 0.022258641968641923
0.1575757575757577 0.03108887520915619
0.18181818181818188 0.04139086458137311
0.20606060606060606 0.05316461008529277
0.23030303030303045 0.06641011172091527
0.25454545454545463 0.08112736948824038
0.2787878787878788 0.09731638338726821
0.303030303030303 0.11497715341799877
0.3272727272727274 0.13410967958043227
0.35151515151515156 0.1547139618745683
0.37575757575757573 0.17679000030040704
0.40000000000000013 0.20033779485794873
0.4242424242424243 0.22535734554719294
0.4484848484848485 0.25184865236813986
0.47272727272727266 0.2798117153207895
0.49696969696969706 0.3092465344051422
0.5212121212121212 0.3401531096211973
0.5454545454545454 0.3725314409689552
0.5696969696969698 0.4063815284484161
0.593939393939394 0.4417033720595794
0.6181818181818182 0.47849697180244544
0.6424242424242426 0.5167623276770146
0.6666666666666667 0.5564994396832861
0.6909090909090909 0.5977083078212603
0.7151515151515151 0.6403889320909372
0.7393939393939395 0.6845413124923173
0.7636363636363637 0.7301654490253998
0.7878787878787878 0.7772613416901849
0.8121212121212122 0.8258289904866731
0.8363636363636362 0.8758683954148633
0.8606060606060606 0.9273795564747571
0.884848484848485 0.9803624736663535
0.909090909090909 1.034817146989652
0.9333333333333333 1.090743576444654
0.9575757575757577 1.148141762031359
0.9818181818181817 1.2070117037497652
1.006060606060606 1.2673534015998758
1.0303030303030305 1.3291668555816887
1.0545454545454545 1.3924520656952033
1.0787878787878789 1.4572090319404216
1.1030303030303032 1.523437754317343
1.1272727272727272 1.5911382328259658
1.1515151515151516 1.6603104674662923
1.175757575757576 1.7309544582383218
1.2 1.8030702051420526
