2.2 3.5691022043629563
2.175757575757576 3.5468590941517437
2.151515151515152 3.525069926875941
2.1272727272727274 3.5037347025355476
2.103030303030303 3.4828534211305633
2.078787878787879 3.4624260826609885
2.0545454545454547 3.4424526871268233
2.0303030303030303 3.422933234528067
2.0060606060606063 3.403867724864721
1.981818181818182 3.3852561581367837
1.9575757575757577 3.367098534344256
1.9333333333333336 3.3493948534871376
1.9090909090909092 3.3321451155654285
1.884848484848485 3.3153493205791293
1.8606060606060608 3.299007468528239
1.8363636363636364 3.283119559412758
1.8121212121212122 3.2676855932326867
1.787878787878788 3.2527055699880245
1.7636363636363637 3.238179489678772
1.7393939393939395 3.224107352304929
1.7151515151515153 3.210489157866495
1.690909090909091 3.1973249063634706
1.6666666666666667 3.1846145977958558
1.6424242424242426 3.17235823216365
1.6181818181818182 3.1605558094668535
1.593939393939394 3.149207329705467
1.5696969696969698 3.1383127928794896
1.5454545454545454 3.1278721989889213
1.5212121212121212 3.1178855480337626
1.496969696969697 3.1083528400140135
1.4727272727272727 3.0992740749296734
1.4484848484848487 3.090649252780743
1.4242424242424243 3.0824783735672217
1.4 3.0747614372891103
1.375757575757576 3.067498443946408
1.3515151515151516 3.060689393539115
1.3272727272727274 3.0543342860672316
1.3030303030303032 3.048433121530757
1.2787878787878788 3.0429858999296924
1.2545454545454546 3.037992621264037
1.2303030303030305 3.033453285533791
1.206060606060606 3.0293678927389545
1.1818181818181819 3.0257364428795275
1.1575757575757577 3.0225589359555096
1.1333333333333333 3.0198353719669013
1.1090909090909091 3.017565750913702
1.084848484848485 3.0157500727959126
1.0606060606060606 3.0143883376135325
1.0363636363636364 3.0134805453665616
1.0121212121212122 3.0130266960550003
0.9878787878787878 3.013026789678848
0.9636363636363636 3.0134808262381054
0.9393939393939394 3.0143888057327723
0.915151515151515 3.0157507281628484
0.8909090909090909 3.017566593528334
0.8666666666666667 3.0198364018292287
0.8424242424242423 3.022560153065533
0.8181818181818181 3.025737847237247
0.793939393939394 3.02936948434437
0.7696969696969698 3.0334550643869025
0.7454545454545454 3.0379945873648446
0.7212121212121212 3.042988053278196
0.696969696969697 3.0484354621269563
0.6727272727272726 3.0543368139111267
0.6484848484848484 3.0606921086307057
0.6242424242424243 3.067501346285695
0.5999999999999999 3.074764526876093
0.5757575757575757 3.082481650401901
0.5515151515151515 3.0906527168631177
0.5272727272727271 3.099277726259744
0.5030303030303029 3.1083566785917798
0.47878787878787876 3.117889573859225
0.4545454545454546 3.1278764120620797
0.4303030303030302 3.138317193200344
0.406060606060606 3.1492119172740174
0.38181818181818183 3.1605605842831
0.35757575757575744 3.172363194227592
0.33333333333333326 3.1846197471074937
0.3090909090909091 3.1973302429228045
0.2848484848484847 3.210494681673525
0.2606060606060605 3.224113063359655
0.23636363636363633 3.238185387981194
0.21212121212121193 3.2527116555381426
0.18787878787878798 3.2676918660305003
0.16363636363636358 3.2831260194582677
0.13939393939393918 3.2990141158214445
0.11515151515151523 3.3153561551200306
0.09090909090909083 3.332152137354026
0.06666666666666643 3.349402062523431
0.042424242424242475 3.367105930628245
0.018181818181818077 3.385263741668469
-0.006060606060606322 3.403875495644102
-0.030303030303030276 3.4229411925551445
-0.054545454545454675 3.442460832401596
-0.07878787878787907 3.462434415183458
-0.10303030303030303 3.482861940900728
-0.12727272727272743 3.503743409553408
-0.15151515151515182 3.5250788211414976
-0.17575757575757578 3.5468681756649962
-0.19999999999999996 3.5691114731239044
