-1.2 0.9824580115801177
-1.1757575757575758 0.9431638627947364
-1.1515151515151514 0.9046716320377177
-1.1272727272727272 0.8669813193090626
-1.103030303030303 0.8300929246087704
-1.0787878787878786 0.7940064479368408
-1.0545454545454545 0.7587218892932746
-1.0303030303030303 0.7242392486780713
-1.006060606060606 0.6905585260912313
-0.9818181818181818 0.6576797215327539
-0.9575757575757575 0.6256028350026397
-0.9333333333333333 0.5943278665008885
-0.9090909090909091 0.5638548160275004
-0.8848484848484848 0.5341836835824753
-0.8606060606060606 0.5053144691658131
-0.8363636363636363 0.47724717277751394
-0.812121212121212 0.4499817944175778
-0.7878787878787878 0.4235183340860048
-0.7636363636363637 0.3978567917827949
-0.7393939393939393 0.37299716750794776
-0.7151515151515151 0.3489394612614638
-0.6909090909090909 0.32568367304334284
-0.6666666666666666 0.30322980285358486
-0.6424242424242423 0.2815778506921899
-0.6181818181818182 0.26072781655915805
-0.5939393939393939 0.24067970045448914
-0.5696969696969697 0.2214335023781833
-0.5454545454545454 0.20298922233024042
-0.5212121212121211 0.18534686031066058
-0.49696969696969695 0.1685064163194438
-0.47272727272727266 0.15246789035658997
-0.4484848484848485 0.13723128242209925
-0.4242424242424242 0.1227965925159715
-0.3999999999999999 0.10916382063820676
-0.37575757575757573 0.09633296678880508
-0.35151515151515145 0.0843040309677664
-0.32727272727272727 0.07307701317509076
-0.303030303030303 0.0626519134107781
-0.2787878787878787 0.05302873167482848
-0.2545454545454545 0.04420746796724191
-0.23030303030303023 0.03618812228801832
-0.20606060606060606 0.02897069463715779
-0.18181818181818188 0.02255518501466027
-0.15757575757575748 0.016941593420525723
-0.1333333333333333 0.012129919854754248
-0.10909090909090913 0.008120164317345791
-0.08484848484848473 0.004912326808300323
-0.06060606060606055 0.002506407327617906
-0.036363636363636376 0.0009024058752985047
-0.012121212121211977 0.00010032245134211663
0.0121212121212122 0.00010015705574875629
0.036363636363636376 0.0009019096885184127
0.06060606060606055 0.0025055803496510857
0.08484848484848495 0.0049111690391468
0.10909090909090913 0.008118675757005516
0.1333333333333333 0.012128100503227246
0.1575757575757577 0.01693944327781204
0.18181818181818188 0.022552704080759812
0.20606060606060606 0.028967882912070603
0.23030303030303045 0.03618497977174448
0.25454545454545463 0.04420399465978131
0.2787878787878788 0.05302492757618115
0.303030303030303 0.06264777852094401
0.3272727272727274 0.07307254749407
0.35151515151515156 0.08429923449555889
0.37575757575757573 0.09632783952541081
0.40000000000000013 0.10915836258362586
0.4242424242424243 0.12279080367020383
0.4484848484848485 0.1372251627851448
0.47272727272727266 0.1524614399284488
0.49696969696969706 0.16849963510011598
0.5212121212121212 0.185339748300146
0.5454545454545454 0.20298177952853902
0.5696969696969698 0.2214257287852953
0.593939393939394 0.24067159607041438
0.6181818181818182 0.26071938138389644
0.6424242424242426 0.2815690847257418
0.6666666666666667 0.30322070609595
0.6909090909090909 0.3256742454945211
0.7151515151515151 0.3489297029214553
0.7393939393939395 0.3729870783767527
0.7636363636363637 0.397846371860413
0.7878787878787878 0.42350758337243616
0.8121212121212122 0.44997071291282265
0.8363636363636362 0.47723576048157174
0.8606060606060606 0.5053027260786843
0.884848484848485 0.5341716097041599
0.909090909090909 0.563842411357998
0.9333333333333333 0.5943151310401996
0.9575757575757577 0.6255897687507642
0.9818181818181817 0.6576663244896914
1.006060606060606 0.6905447982569821
1.0303030303030305 0.7242251900526359
1.0545454545454545 0.7587074998766519
1.0787878787878789 0.7939917277290317
1.1030303030303032 0.8300778736097745
1.1272727272727272 0.8669659375188797
1.1515151515151516 0.9046559194563486
1.175757575757576 0.9431478194221805
1.2 0.9824416374163747
