-1.4 4.880026399840302
-1.3515151515151513 4.764837335382444
-1.303030303030303 4.651999063211014
-1.2545454545454544 4.541511583326015
-1.206060606060606 4.433374895727447
-1.1575757575757575 4.3275890004153075
-1.109090909090909 4.224153897389599
-1.0606060606060606 4.123069586650321
-1.012121212121212 4.024336068197474
-0.9636363636363636 3.927953342031057
-0.915151515151515 3.8339214081510695
-0.8666666666666666 3.7422402665575127
-0.8181818181818181 3.652909917250386
-0.7696969696969697 3.5659303602296903
-0.7212121212121211 3.481301595495424
-0.6727272727272726 3.3990236230475883
-0.6242424242424242 3.319096442886183
-0.5757575757575757 3.241520055011208
-0.5272727272727272 3.166294459422663
-0.47878787878787865 3.0934196561205485
-0.4303030303030302 3.022895645104864
-0.38181818181818183 2.9547224263756102
-0.33333333333333326 2.8888999999327862
-0.2848484848484847 2.825428365776393
-0.23636363636363633 2.76430752390643
-0.18787878787878776 2.7055374743228966
-0.1393939393939394 2.6491182170257943
-0.09090909090909083 2.5950497520151217
-0.04242424242424225 2.5433320792908796
0.0060606060606061 2.493965198853068
0.054545454545454675 2.446949110701686
0.10303030303030303 2.402283814836735
0.1515151515151516 2.359969311258214
0.20000000000000018 2.320005599966123
0.24848484848484853 2.282392680960463
0.2969696969696971 2.2471305542412328
0.34545454545454546 2.2142192198084327
0.39393939393939403 2.1836586776620632
0.4424242424242426 2.155448927802124
0.49090909090909096 2.129589970228615
0.5393939393939395 2.106081804941536
0.5878787878787879 2.0849244319408875
0.6363636363636362 2.0661178512266694
0.684848484848485 2.0496620627988813
0.7333333333333334 2.035557066657524
0.7818181818181817 2.0238028628025964
0.8303030303030305 2.014399451234099
0.8787878787878789 2.0073468319520327
0.9272727272727272 2.002645004956396
0.975757575757576 2.00029397024719
1.0242424242424244 2.0002937278244137
1.0727272727272728 2.0026442776880677
1.121212121212121 2.0073456198381523
1.16969696969697 2.0143977542746674
1.2181818181818183 2.0238006809976126
1.2666666666666666 2.035554400006988
1.3151515151515154 2.0496589113027937
1.3636363636363638 2.0661142148850296
1.412121212121212 2.0849203107536955
1.460606060606061 2.1060771989087925
1.5090909090909093 2.1295848793503187
1.5575757575757576 2.155443352078276
1.606060606060606 2.183652617092663
1.6545454545454548 2.214212674393481
1.7030303030303031 2.247123523980729
1.7515151515151515 2.2823851658544068
1.8000000000000003 2.3199976000145153
1.8484848484848486 2.359960826461054
1.896969696969697 2.402274845194023
1.9454545454545453 2.4469396562134222
1.9939393939393941 2.493955259519252
2.0424242424242425 2.543321655111512
2.090909090909091 2.5950388429902014
2.1393939393939396 2.6491068231553223
2.187878787878788 2.705525595606873
2.2363636363636363 2.7642951603448536
2.284848484848485 2.8254155173692648
2.3333333333333335 2.888886666680106
2.381818181818182 2.954708608277378
2.43030303030303 3.02288134216108
2.478787878787879 3.0934048683312123
2.5272727272727273 3.166279186787775
2.5757575757575757 3.2415042975307675
2.6242424242424245 3.319080200560191
2.6727272727272724 3.399006895876044
2.721212121212121 3.481284383478328
2.76969696969697 3.565912663367042
2.818181818181818 3.6528917355421857
2.8666666666666667 3.742221600003761
2.9151515151515155 3.8339022567517658
2.9636363636363634 3.9279337057861996
3.012121212121212 4.024315947107066
3.060606060606061 4.123048980714362
3.109090909090909 4.224132806608086
3.1575757575757577 4.327567424788244
3.2060606060606065 4.433352835254831
3.2545454545454544 4.541489038007846
3.303030303030303 4.651976033047294
3.351515151515152 4.764813820373172
3.4 4.880002399985479
