       #Energy       JDOS
       0.00000       0.00000
       0.00500       0.00000
       0.01000       0.00000
       0.01500       0.00000
       0.02000       0.00000
       0.02500       0.00000
       0.03000       0.00000
       0.03500       0.00000
       0.04000       0.00000
       0.04500       0.00000
       0.05000       0.00000
       0.05500       0.00000
       0.06000       0.00000
       0.06500       0.00000
       0.07000       0.00000
       0.07500       0.00000
       0.08000       0.00000
       0.08500       0.00000
       0.09000       0.00000
       0.09500       0.00000
       0.10000       0.00000
       0.10500       0.00000
       0.11000       0.00000
       0.11500       0.00000
       0.12000       0.00000
       0.12500       0.00000
       0.13000       0.00000
       0.13500       0.00000
       0.14000       0.00000
       0.14500       0.00000
       0.15000       0.00000
       0.15500       0.00000
       0.16000       0.00000
       0.16500       0.00000
       0.17000       0.00000
       0.17500       0.00000
       0.18000       0.00000
       0.18500       0.00000
       0.19000       0.00000
       0.19500       0.00000
       0.20000       0.00000
       0.20500       0.00000
       0.21000       0.00000
       0.21500       0.00000
       0.22000       0.00000
       0.22500       0.00000
       0.23000       0.00000
       0.23500       0.00000
       0.24000       0.00000
       0.24500       0.00000
       0.25000       0.00000
       0.25500       0.00000
       0.26000       0.00000
       0.26500       0.00000
       0.27000       0.00000
       0.27500       0.00000
       0.28000       0.00000
       0.28500       0.00000
       0.29000       0.00000
       0.29500       0.00000
       0.30000       0.00000
       0.30500       0.00000
       0.31000       0.00000
       0.31500       0.00000
       0.32000       0.00000
       0.32500       0.00000
       0.33000       0.00000
       0.33500       0.00000
       0.34000       0.00000
       0.34500       0.00000
       0.35000       0.00000
       0.35500       0.00000
       0.36000       0.00000
       0.36500       0.00000
       0.37000       0.00000
       0.37500       0.00000
       0.38000       0.00000
       0.38500       0.00000
       0.39000       0.00000
       0.39500       0.00000
       0.40000       0.00000
       0.40500       0.00000
       0.41000       0.00000
       0.41500       0.00000
       0.42000       0.00000
       0.42500       0.00000
       0.43000       0.00000
       0.43500       0.00000
       0.44000       0.00000
       0.44500       0.00000
       0.45000       0.00000
       0.45500       0.00000
       0.46000       0.00000
       0.46500       0.00000
       0.47000       0.00000
       0.47500       0.00000
       0.48000       0.00000
       0.48500       0.00000
       0.49000       0.00000
       0.49500       0.00000
       0.50000       0.00000
       0.50500       0.00000
       0.51000       0.00000
       0.51500       0.00000
       0.52000       0.00000
       0.52500       0.00000
       0.53000       0.00000
       0.53500       0.00000
       0.54000       0.00000
       0.54500       0.00000
       0.55000       0.00000
       0.55500       0.00000
       0.56000       0.00000
       0.56500       0.00000
       0.57000       0.00000
       0.57500       0.00000
       0.58000       0.00000
       0.58500       0.00000
       0.59000       0.00000
       0.59500       0.00000
       0.60000       0.00000
       0.60500       0.00000
       0.61000       0.00000
       0.61500       0.00000
       0.62000       0.00000
       0.62500       0.00000
       0.63000       0.00000
       0.63500       0.00000
       0.64000       0.00000
       0.64500       0.00000
       0.65000       0.00000
       0.65500       0.00000
       0.66000       0.00000
       0.66500       0.00000
       0.67000       0.00000
       0.67500       0.00000
       0.68000       0.00000
       0.68500       0.00000
       0.69000       0.00000
       0.69500       0.00000
       0.70000       0.00000
       0.70500       0.00000
       0.71000       0.00000
       0.71500       0.00000
       0.72000       0.00000
       0.72500       0.00000
       0.73000       0.00000
       0.73500       0.00000
       0.74000       0.00000
       0.74500       0.00000
       0.75000       0.00000
       0.75500       0.00000
       0.76000       0.00000
       0.76500       0.00000
       0.77000       0.00000
       0.77500       0.00000
       0.78000       0.00000
       0.78500       0.00000
       0.79000       0.00000
       0.79500       0.00000
       0.80000       0.00000
       0.80500       0.00000
       0.81000       0.00000
       0.81500       0.00000
       0.82000       0.00000
       0.82500       0.00000
       0.83000       0.00000
       0.83500       0.00000
       0.84000       0.00000
       0.84500       0.00000
       0.85000       0.00000
       0.85500       0.00000
       0.86000       0.00000
       0.86500       0.00000
       0.87000       0.00000
       0.87500       0.00000
       0.88000       0.00000
       0.88500       0.00000
       0.89000       0.00000
       0.89500       0.00000
       0.90000       0.00000
       0.90500       0.00000
       0.91000       0.00000
       0.91500       0.00000
       0.92000       0.00000
       0.92500       0.00000
       0.93000       0.00000
       0.93500       0.00000
       0.94000       0.00000
       0.94500       0.00000
       0.95000       0.00000
       0.95500       0.00000
       0.96000       0.00000
       0.96500       0.00000
       0.97000       0.00000
       0.97500       0.00000
       0.98000       0.00000
       0.98500       0.00000
       0.99000       0.00000
       0.99500       0.00000
       1.00000       0.00000
       1.00500       0.00000
       1.01000       0.00000
       1.01500       0.00000
       1.02000       0.00000
       1.02500       0.00000
       1.03000       0.00000
       1.03500       0.00000
       1.04000       0.00000
       1.04500       0.00000
       1.05000       0.00000
       1.05500       0.00000
       1.06000       0.00000
       1.06500       0.00000
       1.07000       0.00000
       1.07500       0.00000
       1.08000       0.00000
       1.08500       0.00000
       1.09000       0.00000
       1.09500       0.00000
       1.10000       0.00000
       1.10500       0.00000
       1.11000       0.00000
       1.11500       0.00000
       1.12000       0.00000
       1.12500       0.00000
       1.13000       0.00000
       1.13500       0.00000
       1.14000       0.00000
       1.14500       0.00000
       1.15000       0.00000
       1.15500       0.00000
       1.16000       0.00000
       1.16500       0.00000
       1.17000       0.00000
       1.17500       0.00000
       1.18000       0.00000
       1.18500       0.00000
       1.19000       0.00000
       1.19500       0.00000
       1.20000       0.00000
       1.20500       0.00000
       1.21000       0.00000
       1.21500       0.00000
       1.22000       0.00000
       1.22500       0.00000
       1.23000       0.00000
       1.23500       0.00000
       1.24000       0.00000
       1.24500       0.00000
       1.25000       0.00000
       1.25500       0.00000
       1.26000       0.00000
       1.26500       0.00000
       1.27000       0.00000
       1.27500       0.00000
       1.28000       0.00000
       1.28500       0.00000
       1.29000       0.00000
       1.29500       0.00000
       1.30000       0.00000
       1.30500       0.00000
       1.31000       0.00000
       1.31500       0.00000
       1.32000       0.00000
       1.32500       0.00000
       1.33000       0.00000
       1.33500       0.00000
       1.34000       0.00000
       1.34500       0.00000
       1.35000       0.00000
       1.35500       0.00000
       1.36000       0.00000
       1.36500       0.00000
       1.37000       0.00000
       1.37500       0.00000
       1.38000       0.00000
       1.38500       0.00000
       1.39000       0.00000
       1.39500       0.00000
       1.40000       0.00000
       1.40500       0.00000
       1.41000       0.00000
       1.41500       0.00000
       1.42000       0.00000
       1.42500       0.00000
       1.43000       0.00000
       1.43500       0.00000
       1.44000       0.00000
       1.44500       0.00000
       1.45000       0.00000
       1.45500       0.00000
       1.46000       0.00000
       1.46500       0.00000
       1.47000       0.00000
       1.47500       0.00000
       1.48000       0.00000
       1.48500       0.00000
       1.49000       0.00000
       1.49500       0.00000
       1.50000       0.00000
       1.50500       0.00000
       1.51000       0.00000
       1.51500       0.00000
       1.52000       0.00000
       1.52500       0.00000
       1.53000       0.00000
       1.53500       0.00000
       1.54000       0.00000
       1.54500       0.00000
       1.55000       0.00000
       1.55500       0.00000
       1.56000       0.00000
       1.56500       0.00000
       1.57000       0.00000
       1.57500       0.00000
       1.58000       0.00000
       1.58500       0.00000
       1.59000       0.00000
       1.59500       0.00000
       1.60000       0.00000
       1.60500       0.00000
       1.61000       0.00000
       1.61500       0.00000
       1.62000       0.00000
       1.62500       0.00000
       1.63000       0.00000
       1.63500       0.00000
       1.64000       0.00000
       1.64500       0.00000
       1.65000       0.00000
       1.65500       0.00000
       1.66000       0.00000
       1.66500       0.00000
       1.67000       0.00000
       1.67500       0.00000
       1.68000       0.00000
       1.68500       0.00000
       1.69000       0.00000
       1.69500       0.00000
       1.70000       0.00000
       1.70500       0.00000
       1.71000       0.00000
       1.71500       0.00000
       1.72000       0.00000
       1.72500       0.00000
       1.73000       0.00000
       1.73500       0.00000
       1.74000       0.00000
       1.74500       0.00000
       1.75000       0.00000
       1.75500       0.00000
       1.76000       0.00000
       1.76500       0.00000
       1.77000       0.00000
       1.77500       0.00000
       1.78000       0.00000
       1.78500       0.00000
       1.79000       0.00000
       1.79500       0.00000
       1.80000       0.00000
       1.80500       0.00000
       1.81000       0.00000
       1.81500       0.00000
       1.82000       0.00000
       1.82500       0.00000
       1.83000       0.00000
       1.83500       0.00000
       1.84000       0.00000
       1.84500       0.00000
       1.85000       0.00000
       1.85500       0.00000
       1.86000       0.00000
       1.86500       0.00000
       1.87000       0.00000
       1.87500       0.00000
       1.88000       0.00000
       1.88500       0.00000
       1.89000       0.00000
       1.89500       0.00000
       1.90000       0.00000
       1.90500       0.00000
       1.91000       0.00000
       1.91500       0.00000
       1.92000       0.00000
       1.92500       0.00000
       1.93000       0.00000
       1.93500       0.00000
       1.94000       0.00000
       1.94500       0.00000
       1.95000       0.00000
       1.95500       0.00000
       1.96000       0.00000
       1.96500       0.00000
       1.97000       0.00000
       1.97500       0.00000
       1.98000       0.00000
       1.98500       0.00000
       1.99000       0.00000
       1.99500       0.00000
       2.00000       0.00000
       2.00500       0.00000
       2.01000       0.00000
       2.01500       0.00000
       2.02000       0.00000
       2.02500       0.00000
       2.03000       0.00000
       2.03500       0.00000
       2.04000       0.00000
       2.04500       0.00000
       2.05000       0.00000
       2.05500       0.00000
       2.06000       0.00000
       2.06500       0.00000
       2.07000       0.00000
       2.07500       0.00000
       2.08000       0.00000
       2.08500       0.00000
       2.09000       0.00000
       2.09500       0.00000
       2.10000       0.00000
       2.10500       0.00000
       2.11000       0.00000
       2.11500       0.00000
       2.12000       0.00000
       2.12500       0.00000
       2.13000       0.00000
       2.13500       0.00000
       2.14000       0.00000
       2.14500       0.00000
       2.15000       0.00000
       2.15500       0.00000
       2.16000       0.00000
       2.16500       0.00000
       2.17000       0.00000
       2.17500       0.00000
       2.18000       0.00000
       2.18500       0.00000
       2.19000       0.00000
       2.19500       0.00000
       2.20000       0.00000
       2.20500       0.00000
       2.21000       0.00000
       2.21500       0.00000
       2.22000       0.00000
       2.22500       0.00000
       2.23000       0.00000
       2.23500       0.00000
       2.24000       0.00000
       2.24500       0.00000
       2.25000       0.00000
       2.25500       0.00000
       2.26000       0.00000
       2.26500       0.00000
       2.27000       0.00000
       2.27500       0.00000
       2.28000       0.00000
       2.28500       0.00000
       2.29000       0.00000
       2.29500       0.00000
       2.30000       0.00001
       2.30500       0.00001
       2.31000       0.00001
       2.31500       0.00001
       2.32000       0.00001
       2.32500       0.00001
       2.33000       0.00001
       2.33500       0.00001
       2.34000       0.00002
       2.34500       0.00002
       2.35000       0.00002
       2.35500       0.00002
       2.36000       0.00003
       2.36500       0.00003
       2.37000       0.00003
       2.37500       0.00004
       2.38000       0.00004
       2.38500       0.00005
       2.39000       0.00005
       2.39500       0.00006
       2.40000       0.00007
       2.40500       0.00008
       2.41000       0.00009
       2.41500       0.00010
       2.42000       0.00011
       2.42500       0.00013
       2.43000       0.00014
       2.43500       0.00016
       2.44000       0.00018
       2.44500       0.00020
       2.45000       0.00023
       2.45500       0.00026
       2.46000       0.00029
       2.46500       0.00032
       2.47000       0.00036
       2.47500       0.00041
       2.48000       0.00045
       2.48500       0.00051
       2.49000       0.00057
       2.49500       0.00064
       2.50000       0.00071
       2.50500       0.00079
       2.51000       0.00088
       2.51500       0.00098
       2.52000       0.00110
       2.52500       0.00122
       2.53000       0.00136
       2.53500       0.00151
       2.54000       0.00168
       2.54500       0.00186
       2.55000       0.00207
       2.55500       0.00229
       2.56000       0.00254
       2.56500       0.00281
       2.57000       0.00311
       2.57500       0.00344
       2.58000       0.00381
       2.58500       0.00421
       2.59000       0.00465
       2.59500       0.00513
       2.60000       0.00566
       2.60500       0.00624
       2.61000       0.00687
       2.61500       0.00757
       2.62000       0.00833
       2.62500       0.00916
       2.63000       0.01006
       2.63500       0.01105
       2.64000       0.01213
       2.64500       0.01331
       2.65000       0.01459
       2.65500       0.01599
       2.66000       0.01751
       2.66500       0.01916
       2.67000       0.02096
       2.67500       0.02291
       2.68000       0.02502
       2.68500       0.02732
       2.69000       0.02981
       2.69500       0.03250
       2.70000       0.03542
       2.70500       0.03857
       2.71000       0.04198
       2.71500       0.04567
       2.72000       0.04964
       2.72500       0.05394
       2.73000       0.05856
       2.73500       0.06355
       2.74000       0.06892
       2.74500       0.07469
       2.75000       0.08091
       2.75500       0.08758
       2.76000       0.09475
       2.76500       0.10245
       2.77000       0.11070
       2.77500       0.11954
       2.78000       0.12902
       2.78500       0.13916
       2.79000       0.15001
       2.79500       0.16161
       2.80000       0.17399
       2.80500       0.18722
       2.81000       0.20133
       2.81500       0.21637
       2.82000       0.23240
       2.82500       0.24947
       2.83000       0.26763
       2.83500       0.28693
       2.84000       0.30745
       2.84500       0.32923
       2.85000       0.35235
       2.85500       0.37686
       2.86000       0.40284
       2.86500       0.43035
       2.87000       0.45947
       2.87500       0.49026
       2.88000       0.52280
       2.88500       0.55717
       2.89000       0.59345
       2.89500       0.63171
       2.90000       0.67203
       2.90500       0.71450
       2.91000       0.75920
       2.91500       0.80622
       2.92000       0.85564
       2.92500       0.90755
       2.93000       0.96204
       2.93500       1.01919
       2.94000       1.07910
       2.94500       1.14184
       2.95000       1.20752
       2.95500       1.27622
       2.96000       1.34803
       2.96500       1.42304
       2.97000       1.50133
       2.97500       1.58299
       2.98000       1.66810
       2.98500       1.75675
       2.99000       1.84903
       2.99500       1.94500
       3.00000       2.04475
       3.00500       2.14835
       3.01000       2.25586
       3.01500       2.36737
       3.02000       2.48293
       3.02500       2.60261
       3.03000       2.72645
       3.03500       2.85452
       3.04000       2.98685
       3.04500       3.12349
       3.05000       3.26448
       3.05500       3.40985
       3.06000       3.55961
       3.06500       3.71379
       3.07000       3.87241
       3.07500       4.03545
       3.08000       4.20293
       3.08500       4.37483
       3.09000       4.55113
       3.09500       4.73181
       3.10000       4.91683
       3.10500       5.10616
       3.11000       5.29974
       3.11500       5.49751
       3.12000       5.69941
       3.12500       5.90536
       3.13000       6.11528
       3.13500       6.32907
       3.14000       6.54663
       3.14500       6.76785
       3.15000       6.99262
       3.15500       7.22079
       3.16000       7.45225
       3.16500       7.68684
       3.17000       7.92440
       3.17500       8.16479
       3.18000       8.40783
       3.18500       8.65335
       3.19000       8.90115
       3.19500       9.15107
       3.20000       9.40289
       3.20500       9.65642
       3.21000       9.91146
       3.21500      10.16779
       3.22000      10.42520
       3.22500      10.68346
       3.23000      10.94236
       3.23500      11.20168
       3.24000      11.46118
       3.24500      11.72064
       3.25000      11.97983
       3.25500      12.23853
       3.26000      12.49651
       3.26500      12.75353
       3.27000      13.00939
       3.27500      13.26386
       3.28000      13.51672
       3.28500      13.76778
       3.29000      14.01681
       3.29500      14.26362
       3.30000      14.50802
       3.30500      14.74984
       3.31000      14.98888
       3.31500      15.22499
       3.32000      15.45801
       3.32500      15.68779
       3.33000      15.91420
       3.33500      16.13713
       3.34000      16.35645
       3.34500      16.57208
       3.35000      16.78393
       3.35500      16.99194
       3.36000      17.19604
       3.36500      17.39621
       3.37000      17.59242
       3.37500      17.78466
       3.38000      17.97294
       3.38500      18.15729
       3.39000      18.33775
       3.39500      18.51437
       3.40000      18.68723
       3.40500      18.85643
       3.41000      19.02207
       3.41500      19.18427
       3.42000      19.34317
       3.42500      19.49893
       3.43000      19.65172
       3.43500      19.80173
       3.44000      19.94915
       3.44500      20.09421
       3.45000      20.23712
       3.45500      20.37814
       3.46000      20.51751
       3.46500      20.65551
       3.47000      20.79240
       3.47500      20.92848
       3.48000      21.06404
       3.48500      21.19938
       3.49000      21.33481
       3.49500      21.47066
       3.50000      21.60725
       3.50500      21.74490
       3.51000      21.88394
       3.51500      22.02471
       3.52000      22.16754
       3.52500      22.31277
       3.53000      22.46073
       3.53500      22.61175
       3.54000      22.76616
       3.54500      22.92428
       3.55000      23.08644
       3.55500      23.25294
       3.56000      23.42410
       3.56500      23.60020
       3.57000      23.78155
       3.57500      23.96841
       3.58000      24.16105
       3.58500      24.35972
       3.59000      24.56468
       3.59500      24.77614
       3.60000      24.99432
       3.60500      25.21943
       3.61000      25.45164
       3.61500      25.69112
       3.62000      25.93802
       3.62500      26.19248
       3.63000      26.45462
       3.63500      26.72453
       3.64000      27.00229
       3.64500      27.28797
       3.65000      27.58161
       3.65500      27.88325
       3.66000      28.19288
       3.66500      28.51050
       3.67000      28.83608
       3.67500      29.16959
       3.68000      29.51095
       3.68500      29.86008
       3.69000      30.21691
       3.69500      30.58130
       3.70000      30.95314
       3.70500      31.33228
       3.71000      31.71858
       3.71500      32.11185
       3.72000      32.51193
       3.72500      32.91861
       3.73000      33.33169
       3.73500      33.75096
       3.74000      34.17620
       3.74500      34.60716
       3.75000      35.04362
       3.75500      35.48532
       3.76000      35.93202
       3.76500      36.38345
       3.77000      36.83936
       3.77500      37.29948
       3.78000      37.76356
       3.78500      38.23132
       3.79000      38.70250
       3.79500      39.17685
       3.80000      39.65409
       3.80500      40.13397
       3.81000      40.61623
       3.81500      41.10064
       3.82000      41.58694
       3.82500      42.07490
       3.83000      42.56429
       3.83500      43.05488
       3.84000      43.54648
       3.84500      44.03886
       3.85000      44.53184
       3.85500      45.02524
       3.86000      45.51888
       3.86500      46.01260
       3.87000      46.50625
       3.87500      46.99968
       3.88000      47.49278
       3.88500      47.98543
       3.89000      48.47753
       3.89500      48.96898
       3.90000      49.45971
       3.90500      49.94965
       3.91000      50.43875
       3.91500      50.92696
       3.92000      51.41425
       3.92500      51.90061
       3.93000      52.38603
       3.93500      52.87050
       3.94000      53.35405
       3.94500      53.83669
       3.95000      54.31845
       3.95500      54.79937
       3.96000      55.27950
       3.96500      55.75890
       3.97000      56.23762
       3.97500      56.71574
       3.98000      57.19332
       3.98500      57.67045
       3.99000      58.14721
       3.99500      58.62367
       4.00000      59.09993
       4.00500      59.57608
       4.01000      60.05220
       4.01500      60.52838
       4.02000      61.00471
       4.02500      61.48127
       4.03000      61.95816
       4.03500      62.43546
       4.04000      62.91323
       4.04500      63.39155
       4.05000      63.87050
       4.05500      64.35014
       4.06000      64.83051
       4.06500      65.31167
       4.07000      65.79367
       4.07500      66.27653
       4.08000      66.76028
       4.08500      67.24494
       4.09000      67.73052
       4.09500      68.21701
       4.10000      68.70440
       4.10500      69.19267
       4.11000      69.68179
       4.11500      70.17171
       4.12000      70.66238
       4.12500      71.15374
       4.13000      71.64570
       4.13500      72.13819
       4.14000      72.63111
       4.14500      73.12434
       4.15000      73.61778
       4.15500      74.11128
       4.16000      74.60473
       4.16500      75.09795
       4.17000      75.59081
       4.17500      76.08312
       4.18000      76.57472
       4.18500      77.06542
       4.19000      77.55502
       4.19500      78.04333
       4.20000      78.53014
       4.20500      79.01523
       4.21000      79.49838
       4.21500      79.97937
       4.22000      80.45797
       4.22500      80.93393
       4.23000      81.40703
       4.23500      81.87701
       4.24000      82.34362
       4.24500      82.80663
       4.25000      83.26578
       4.25500      83.72081
       4.26000      84.17148
       4.26500      84.61753
       4.27000      85.05871
       4.27500      85.49477
       4.28000      85.92547
       4.28500      86.35054
       4.29000      86.76976
       4.29500      87.18287
       4.30000      87.58965
       4.30500      87.98985
       4.31000      88.38325
       4.31500      88.76963
       4.32000      89.14876
       4.32500      89.52044
       4.33000      89.88445
       4.33500      90.24060
       4.34000      90.58870
       4.34500      90.92856
       4.35000      91.26000
       4.35500      91.58285
       4.36000      91.89695
       4.36500      92.20214
       4.37000      92.49829
       4.37500      92.78525
       4.38000      93.06290
       4.38500      93.33112
       4.39000      93.58979
       4.39500      93.83883
       4.40000      94.07813
       4.40500      94.30762
       4.41000      94.52722
       4.41500      94.73688
       4.42000      94.93654
       4.42500      95.12617
       4.43000      95.30572
       4.43500      95.47517
       4.44000      95.63452
       4.44500      95.78376
       4.45000      95.92289
       4.45500      96.05193
       4.46000      96.17091
       4.46500      96.27987
       4.47000      96.37884
       4.47500      96.46788
       4.48000      96.54706
       4.48500      96.61645
       4.49000      96.67612
       4.49500      96.72618
       4.50000      96.76671
       4.50500      96.79782
       4.51000      96.81964
       4.51500      96.83228
       4.52000      96.83588
       4.52500      96.83057
       4.53000      96.81651
       4.53500      96.79384
       4.54000      96.76273
       4.54500      96.72335
       4.55000      96.67586
       4.55500      96.62047
       4.56000      96.55734
       4.56500      96.48667
       4.57000      96.40866
       4.57500      96.32352
       4.58000      96.23145
       4.58500      96.13267
       4.59000      96.02739
       4.59500      95.91583
       4.60000      95.79822
       4.60500      95.67479
       4.61000      95.54577
       4.61500      95.41140
       4.62000      95.27190
       4.62500      95.12751
       4.63000      94.97849
       4.63500      94.82506
       4.64000      94.66747
       4.64500      94.50597
       4.65000      94.34079
       4.65500      94.17219
       4.66000      94.00040
       4.66500      93.82567
       4.67000      93.64824
       4.67500      93.46836
       4.68000      93.28625
       4.68500      93.10218
       4.69000      92.91636
       4.69500      92.72904
       4.70000      92.54045
       4.70500      92.35082
       4.71000      92.16039
       4.71500      91.96937
       4.72000      91.77799
       4.72500      91.58647
       4.73000      91.39503
       4.73500      91.20388
       4.74000      91.01324
       4.74500      90.82330
       4.75000      90.63429
       4.75500      90.44639
       4.76000      90.25980
       4.76500      90.07472
       4.77000      89.89133
       4.77500      89.70982
       4.78000      89.53038
       4.78500      89.35317
       4.79000      89.17837
       4.79500      89.00616
       4.80000      88.83669
       4.80500      88.67013
       4.81000      88.50663
       4.81500      88.34635
       4.82000      88.18943
       4.82500      88.03601
       4.83000      87.88624
       4.83500      87.74025
       4.84000      87.59816
       4.84500      87.46011
       4.85000      87.32620
       4.85500      87.19656
       4.86000      87.07129
       4.86500      86.95050
       4.87000      86.83428
       4.87500      86.72272
       4.88000      86.61591
       4.88500      86.51392
       4.89000      86.41684
       4.89500      86.32473
       4.90000      86.23764
       4.90500      86.15563
       4.91000      86.07874
       4.91500      86.00701
       4.92000      85.94047
       4.92500      85.87913
       4.93000      85.82302
       4.93500      85.77214
       4.94000      85.72648
       4.94500      85.68603
       4.95000      85.65076
       4.95500      85.62064
       4.96000      85.59563
       4.96500      85.57568
       4.97000      85.56073
       4.97500      85.55070
       4.98000      85.54551
       4.98500      85.54507
       4.99000      85.54928
       4.99500      85.55801
       5.00000      85.57116
       5.00500      85.58858
       5.01000      85.61012
       5.01500      85.63564
       5.02000      85.66497
       5.02500      85.69793
       5.03000      85.73433
       5.03500      85.77400
       5.04000      85.81671
       5.04500      85.86227
       5.05000      85.91044
       5.05500      85.96101
       5.06000      86.01373
       5.06500      86.06837
       5.07000      86.12467
       5.07500      86.18239
       5.08000      86.24126
       5.08500      86.30102
       5.09000      86.36141
       5.09500      86.42216
       5.10000      86.48299
       5.10500      86.54363
       5.11000      86.60381
       5.11500      86.66327
       5.12000      86.72172
       5.12500      86.77890
       5.13000      86.83456
       5.13500      86.88843
       5.14000      86.94025
       5.14500      86.98978
       5.15000      87.03679
       5.15500      87.08104
       5.16000      87.12231
       5.16500      87.16039
       5.17000      87.19508
       5.17500      87.22620
       5.18000      87.25358
       5.18500      87.27705
       5.19000      87.29648
       5.19500      87.31173
       5.20000      87.32271
       5.20500      87.32931
       5.21000      87.33148
       5.21500      87.32915
       5.22000      87.32229
       5.22500      87.31089
       5.23000      87.29497
       5.23500      87.27455
       5.24000      87.24970
       5.24500      87.22048
       5.25000      87.18700
       5.25500      87.14938
       5.26000      87.10778
       5.26500      87.06237
       5.27000      87.01335
       5.27500      86.96093
       5.28000      86.90536
       5.28500      86.84693
       5.29000      86.78591
       5.29500      86.72263
       5.30000      86.65744
       5.30500      86.59069
       5.31000      86.52279
       5.31500      86.45414
       5.32000      86.38518
       5.32500      86.31636
       5.33000      86.24816
       5.33500      86.18108
       5.34000      86.11564
       5.34500      86.05238
       5.35000      85.99184
       5.35500      85.93460
       5.36000      85.88125
       5.36500      85.83239
       5.37000      85.78863
       5.37500      85.75062
       5.38000      85.71898
       5.38500      85.69437
       5.39000      85.67745
       5.39500      85.66889
       5.40000      85.66937
       5.40500      85.67958
       5.41000      85.70019
       5.41500      85.73190
       5.42000      85.77539
       5.42500      85.83137
       5.43000      85.90051
       5.43500      85.98351
       5.44000      86.08106
       5.44500      86.19382
       5.45000      86.32246
       5.45500      86.46766
       5.46000      86.63005
       5.46500      86.81029
       5.47000      87.00899
       5.47500      87.22678
       5.48000      87.46424
       5.48500      87.72197
       5.49000      88.00051
       5.49500      88.30041
       5.50000      88.62219
       5.50500      88.96636
       5.51000      89.33337
       5.51500      89.72369
       5.52000      90.13773
       5.52500      90.57589
       5.53000      91.03853
       5.53500      91.52600
       5.54000      92.03859
       5.54500      92.57659
       5.55000      93.14023
       5.55500      93.72973
       5.56000      94.34527
       5.56500      94.98697
       5.57000      95.65495
       5.57500      96.34928
       5.58000      97.07000
       5.58500      97.81709
       5.59000      98.59053
       5.59500      99.39023
       5.60000     100.21608
       5.60500     101.06793
       5.61000     101.94559
       5.61500     102.84883
       5.62000     103.77740
       5.62500     104.73100
       5.63000     105.70929
       5.63500     106.71190
       5.64000     107.73843
       5.64500     108.78842
       5.65000     109.86143
       5.65500     110.95692
       5.66000     112.07437
       5.66500     113.21321
       5.67000     114.37283
       5.67500     115.55261
       5.68000     116.75188
       5.68500     117.96997
       5.69000     119.20617
       5.69500     120.45973
       5.70000     121.72992
       5.70500     123.01594
       5.71000     124.31700
       5.71500     125.63229
       5.72000     126.96098
       5.72500     128.30222
       5.73000     129.65514
       5.73500     131.01888
       5.74000     132.39256
       5.74500     133.77527
       5.75000     135.16614
       5.75500     136.56424
       5.76000     137.96868
       5.76500     139.37854
       5.77000     140.79292
       5.77500     142.21089
       5.78000     143.63157
       5.78500     145.05404
       5.79000     146.47740
       5.79500     147.90077
       5.80000     149.32326
       5.80500     150.74399
       5.81000     152.16210
       5.81500     153.57674
       5.82000     154.98706
       5.82500     156.39224
       5.83000     157.79148
       5.83500     159.18396
       5.84000     160.56891
       5.84500     161.94557
       5.85000     163.31318
       5.85500     164.67103
       5.86000     166.01841
       5.86500     167.35461
       5.87000     168.67898
       5.87500     169.99086
       5.88000     171.28963
       5.88500     172.57467
       5.89000     173.84540
       5.89500     175.10124
       5.90000     176.34165
       5.90500     177.56610
       5.91000     178.77409
       5.91500     179.96513
       5.92000     181.13875
       5.92500     182.29451
       5.93000     183.43199
       5.93500     184.55076
       5.94000     185.65046
       5.94500     186.73071
       5.95000     187.79115
       5.95500     188.83146
       5.96000     189.85132
       5.96500     190.85044
       5.97000     191.82853
       5.97500     192.78534
       5.98000     193.72060
       5.98500     194.63409
       5.99000     195.52560
       5.99500     196.39491
       6.00000     197.24184
       6.00500     198.06621
       6.01000     198.86786
       6.01500     199.64665
       6.02000     200.40243
       6.02500     201.13508
       6.03000     201.84448
       6.03500     202.53055
       6.04000     203.19318
       6.04500     203.83230
       6.05000     204.44784
       6.05500     205.03974
       6.06000     205.60795
       6.06500     206.15243
       6.07000     206.67316
       6.07500     207.17012
       6.08000     207.64329
       6.08500     208.09267
       6.09000     208.51828
       6.09500     208.92013
       6.10000     209.29823
       6.10500     209.65264
       6.11000     209.98338
       6.11500     210.29052
       6.12000     210.57410
       6.12500     210.83420
       6.13000     211.07088
       6.13500     211.28425
       6.14000     211.47437
       6.14500     211.64137
       6.15000     211.78533
       6.15500     211.90639
       6.16000     212.00467
       6.16500     212.08029
       6.17000     212.13340
       6.17500     212.16415
       6.18000     212.17269
       6.18500     212.15920
       6.19000     212.12386
       6.19500     212.06683
       6.20000     211.98832
       6.20500     211.88854
       6.21000     211.76768
       6.21500     211.62598
       6.22000     211.46366
       6.22500     211.28097
       6.23000     211.07815
       6.23500     210.85547
       6.24000     210.61319
       6.24500     210.35160
       6.25000     210.07099
       6.25500     209.77167
       6.26000     209.45394
       6.26500     209.11815
       6.27000     208.76462
       6.27500     208.39370
       6.28000     208.00576
       6.28500     207.60118
       6.29000     207.18035
       6.29500     206.74366
       6.30000     206.29153
       6.30500     205.82440
       6.31000     205.34270
       6.31500     204.84689
       6.32000     204.33745
       6.32500     203.81486
       6.33000     203.27962
       6.33500     202.73224
       6.34000     202.17326
       6.34500     201.60321
       6.35000     201.02266
       6.35500     200.43219
       6.36000     199.83236
       6.36500     199.22380
       6.37000     198.60711
       6.37500     197.98291
       6.38000     197.35186
       6.38500     196.71460
       6.39000     196.07180
       6.39500     195.42414
       6.40000     194.77229
       6.40500     194.11697
       6.41000     193.45887
       6.41500     192.79871
       6.42000     192.13720
       6.42500     191.47509
       6.43000     190.81308
       6.43500     190.15193
       6.44000     189.49237
       6.44500     188.83512
       6.45000     188.18095
       6.45500     187.53056
       6.46000     186.88471
       6.46500     186.24410
       6.47000     185.60947
       6.47500     184.98152
       6.48000     184.36095
       6.48500     183.74845
       6.49000     183.14469
       6.49500     182.55032
       6.50000     181.96600
       6.50500     181.39233
       6.51000     180.82991
       6.51500     180.27933
       6.52000     179.74113
       6.52500     179.21584
       6.53000     178.70395
       6.53500     178.20592
       6.54000     177.72219
       6.54500     177.25317
       6.55000     176.79921
       6.55500     176.36065
       6.56000     175.93778
       6.56500     175.53085
       6.57000     175.14007
       6.57500     174.76564
       6.58000     174.40766
       6.58500     174.06625
       6.59000     173.74144
       6.59500     173.43323
       6.60000     173.14161
       6.60500     172.86647
       6.61000     172.60771
       6.61500     172.36514
       6.62000     172.13857
       6.62500     171.92773
       6.63000     171.73234
       6.63500     171.55205
       6.64000     171.38650
       6.64500     171.23527
       6.65000     171.09791
       6.65500     170.97393
       6.66000     170.86281
       6.66500     170.76399
       6.67000     170.67690
       6.67500     170.60091
       6.68000     170.53538
       6.68500     170.47965
       6.69000     170.43302
       6.69500     170.39480
       6.70000     170.36424
       6.70500     170.34062
       6.71000     170.32317
       6.71500     170.31114
       6.72000     170.30375
       6.72500     170.30023
       6.73000     170.29980
       6.73500     170.30168
       6.74000     170.30512
       6.74500     170.30934
       6.75000     170.31359
       6.75500     170.31714
       6.76000     170.31925
       6.76500     170.31923
       6.77000     170.31637
       6.77500     170.31004
       6.78000     170.29957
       6.78500     170.28438
       6.79000     170.26387
       6.79500     170.23751
       6.80000     170.20478
       6.80500     170.16521
       6.81000     170.11837
       6.81500     170.06384
       6.82000     170.00129
       6.82500     169.93040
       6.83000     169.85090
       6.83500     169.76257
       6.84000     169.66523
       6.84500     169.55876
       6.85000     169.44305
       6.85500     169.31809
       6.86000     169.18388
       6.86500     169.04048
       6.87000     168.88799
       6.87500     168.72657
       6.88000     168.55642
       6.88500     168.37779
       6.89000     168.19096
       6.89500     167.99626
       6.90000     167.79408
       6.90500     167.58484
       6.91000     167.36899
       6.91500     167.14703
       6.92000     166.91949
       6.92500     166.68695
       6.93000     166.45001
       6.93500     166.20930
       6.94000     165.96548
       6.94500     165.71925
       6.95000     165.47132
       6.95500     165.22242
       6.96000     164.97332
       6.96500     164.72479
       6.97000     164.47761
       6.97500     164.23260
       6.98000     163.99055
       6.98500     163.75230
       6.99000     163.51865
       6.99500     163.29045
       7.00000     163.06851
       7.00500     162.85366
       7.01000     162.64672
       7.01500     162.44849
       7.02000     162.25978
       7.02500     162.08138
       7.03000     161.91406
       7.03500     161.75857
       7.04000     161.61567
       7.04500     161.48606
       7.05000     161.37045
       7.05500     161.26950
       7.06000     161.18387
       7.06500     161.11418
       7.07000     161.06102
       7.07500     161.02495
       7.08000     161.00651
       7.08500     161.00620
       7.09000     161.02449
       7.09500     161.06181
       7.10000     161.11858
       7.10500     161.19515
       7.11000     161.29186
       7.11500     161.40902
       7.12000     161.54689
       7.12500     161.70571
       7.13000     161.88568
       7.13500     162.08697
       7.14000     162.30970
       7.14500     162.55399
       7.15000     162.81991
       7.15500     163.10749
       7.16000     163.41676
       7.16500     163.74770
       7.17000     164.10027
       7.17500     164.47441
       7.18000     164.87003
       7.18500     165.28703
       7.19000     165.72526
       7.19500     166.18459
       7.20000     166.66484
       7.20500     167.16585
       7.21000     167.68742
       7.21500     168.22935
       7.22000     168.79142
       7.22500     169.37342
       7.23000     169.97513
       7.23500     170.59631
       7.24000     171.23675
       7.24500     171.89621
       7.25000     172.57447
       7.25500     173.27131
       7.26000     173.98652
       7.26500     174.71989
       7.27000     175.47124
       7.27500     176.24038
       7.28000     177.02714
       7.28500     177.83137
       7.29000     178.65293
       7.29500     179.49171
       7.30000     180.34761
       7.30500     181.22054
       7.31000     182.11046
       7.31500     183.01733
       7.32000     183.94113
       7.32500     184.88189
       7.33000     185.83964
       7.33500     186.81445
       7.34000     187.80640
       7.34500     188.81563
       7.35000     189.84226
       7.35500     190.88647
       7.36000     191.94846
       7.36500     193.02845
       7.37000     194.12669
       7.37500     195.24346
       7.38000     196.37905
       7.38500     197.53379
       7.39000     198.70803
       7.39500     199.90213
       7.40000     201.11650
       7.40500     202.35154
       7.41000     203.60768
       7.41500     204.88538
       7.42000     206.18510
       7.42500     207.50733
       7.43000     208.85255
       7.43500     210.22128
       7.44000     211.61404
       7.44500     213.03134
       7.45000     214.47373
       7.45500     215.94175
       7.46000     217.43592
       7.46500     218.95680
       7.47000     220.50493
       7.47500     222.08084
       7.48000     223.68507
       7.48500     225.31815
       7.49000     226.98058
       7.49500     228.67288
       7.50000     230.39555
       7.50500     232.14906
       7.51000     233.93387
       7.51500     235.75043
       7.52000     237.59916
       7.52500     239.48046
       7.53000     241.39472
       7.53500     243.34229
       7.54000     245.32348
       7.54500     247.33860
       7.55000     249.38792
       7.55500     251.47166
       7.56000     253.59004
       7.56500     255.74322
       7.57000     257.93134
       7.57500     260.15449
       7.58000     262.41275
       7.58500     264.70612
       7.59000     267.03461
       7.59500     269.39816
       7.60000     271.79667
       7.60500     274.23002
       7.61000     276.69804
       7.61500     279.20051
       7.62000     281.73720
       7.62500     284.30780
       7.63000     286.91201
       7.63500     289.54943
       7.64000     292.21968
       7.64500     294.92231
       7.65000     297.65684
       7.65500     300.42275
       7.66000     303.21949
       7.66500     306.04647
       7.67000     308.90308
       7.67500     311.78866
       7.68000     314.70253
       7.68500     317.64398
       7.69000     320.61225
       7.69500     323.60659
       7.70000     326.62619
       7.70500     329.67024
       7.71000     332.73790
       7.71500     335.82830
       7.72000     338.94055
       7.72500     342.07377
       7.73000     345.22703
       7.73500     348.39940
       7.74000     351.58993
       7.74500     354.79768
       7.75000     358.02167
       7.75500     361.26093
       7.76000     364.51449
       7.76500     367.78136
       7.77000     371.06054
       7.77500     374.35106
       7.78000     377.65192
       7.78500     380.96213
       7.79000     384.28071
       7.79500     387.60666
       7.80000     390.93902
       7.80500     394.27681
       7.81000     397.61905
       7.81500     400.96479
       7.82000     404.31308
       7.82500     407.66296
       7.83000     411.01352
       7.83500     414.36381
       7.84000     417.71294
       7.84500     421.05998
       7.85000     424.40406
       7.85500     427.74427
       7.86000     431.07976
       7.86500     434.40966
       7.87000     437.73311
       7.87500     441.04927
       7.88000     444.35732
       7.88500     447.65642
       7.89000     450.94576
       7.89500     454.22453
       7.90000     457.49193
       7.90500     460.74716
       7.91000     463.98945
       7.91500     467.21799
       7.92000     470.43202
       7.92500     473.63075
       7.93000     476.81340
       7.93500     479.97921
       7.94000     483.12740
       7.94500     486.25719
       7.95000     489.36780
       7.95500     492.45846
       7.96000     495.52838
       7.96500     498.57677
       7.97000     501.60284
       7.97500     504.60579
       7.98000     507.58482
       7.98500     510.53912
       7.99000     513.46786
       7.99500     516.37023
       8.00000     519.24538
       8.00500     522.09249
       8.01000     524.91069
       8.01500     527.69913
       8.02000     530.45695
       8.02500     533.18329
       8.03000     535.87726
       8.03500     538.53798
       8.04000     541.16458
       8.04500     543.75615
       8.05000     546.31182
       8.05500     548.83070
       8.06000     551.31188
       8.06500     553.75449
       8.07000     556.15765
       8.07500     558.52047
       8.08000     560.84210
       8.08500     563.12168
       8.09000     565.35835
       8.09500     567.55131
       8.10000     569.69973
       8.10500     571.80284
       8.11000     573.85986
       8.11500     575.87006
       8.12000     577.83274
       8.12500     579.74722
       8.13000     581.61285
       8.13500     583.42905
       8.14000     585.19525
       8.14500     586.91093
       8.15000     588.57564
       8.15500     590.18895
       8.16000     591.75052
       8.16500     593.26002
       8.17000     594.71722
       8.17500     596.12194
       8.18000     597.47407
       8.18500     598.77354
       8.19000     600.02039
       8.19500     601.21471
       8.20000     602.35666
       8.20500     603.44649
       8.21000     604.48453
       8.21500     605.47118
       8.22000     606.40692
       8.22500     607.29232
       8.23000     608.12804
       8.23500     608.91480
       8.24000     609.65342
       8.24500     610.34482
       8.25000     610.98998
       8.25500     611.58997
       8.26000     612.14596
       8.26500     612.65918
       8.27000     613.13096
       8.27500     613.56271
       8.28000     613.95590
       8.28500     614.31212
       8.29000     614.63298
       8.29500     614.92022
       8.30000     615.17560
       8.30500     615.40098
       8.31000     615.59829
       8.31500     615.76950
       8.32000     615.91664
       8.32500     616.04182
       8.33000     616.14718
       8.33500     616.23491
       8.34000     616.30724
       8.34500     616.36646
       8.35000     616.41487
       8.35500     616.45481
       8.36000     616.48864
       8.36500     616.51876
       8.37000     616.54756
       8.37500     616.57745
       8.38000     616.61085
       8.38500     616.65018
       8.39000     616.69785
       8.39500     616.75627
       8.40000     616.82782
       8.40500     616.91487
       8.41000     617.01978
       8.41500     617.14484
       8.42000     617.29235
       8.42500     617.46455
       8.43000     617.66362
       8.43500     617.89172
       8.44000     618.15094
       8.44500     618.44332
       8.45000     618.77083
       8.45500     619.13538
       8.46000     619.53880
       8.46500     619.98286
       8.47000     620.46924
       8.47500     620.99955
       8.48000     621.57529
       8.48500     622.19791
       8.49000     622.86875
       8.49500     623.58905
       8.50000     624.35995
       8.50500     625.18253
       8.51000     626.05772
       8.51500     626.98639
       8.52000     627.96927
       8.52500     629.00702
       8.53000     630.10018
       8.53500     631.24918
       8.54000     632.45434
       8.54500     633.71588
       8.55000     635.03392
       8.55500     636.40846
       8.56000     637.83940
       8.56500     639.32653
       8.57000     640.86954
       8.57500     642.46801
       8.58000     644.12142
       8.58500     645.82914
       8.59000     647.59046
       8.59500     649.40455
       8.60000     651.27049
       8.60500     653.18728
       8.61000     655.15381
       8.61500     657.16889
       8.62000     659.23124
       8.62500     661.33949
       8.63000     663.49221
       8.63500     665.68787
       8.64000     667.92488
       8.64500     670.20156
       8.65000     672.51619
       8.65500     674.86696
       8.66000     677.25202
       8.66500     679.66944
       8.67000     682.11725
       8.67500     684.59343
       8.68000     687.09591
       8.68500     689.62258
       8.69000     692.17128
       8.69500     694.73984
       8.70000     697.32602
       8.70500     699.92759
       8.71000     702.54227
       8.71500     705.16778
       8.72000     707.80179
       8.72500     710.44198
       8.73000     713.08602
       8.73500     715.73157
       8.74000     718.37627
       8.74500     721.01778
       8.75000     723.65374
       8.75500     726.28181
       8.76000     728.89966
       8.76500     731.50495
       8.77000     734.09537
       8.77500     736.66860
       8.78000     739.22238
       8.78500     741.75442
       8.79000     744.26248
       8.79500     746.74432
       8.80000     749.19775
       8.80500     751.62059
       8.81000     754.01067
       8.81500     756.36587
       8.82000     758.68409
       8.82500     760.96326
       8.83000     763.20135
       8.83500     765.39633
       8.84000     767.54623
       8.84500     769.64910
       8.85000     771.70302
       8.85500     773.70611
       8.86000     775.65652
       8.86500     777.55242
       8.87000     779.39202
       8.87500     781.17357
       8.88000     782.89535
       8.88500     784.55566
       8.89000     786.15283
       8.89500     787.68526
       8.90000     789.15133
       8.90500     790.54948
       8.91000     791.87818
       8.91500     793.13593
       8.92000     794.32126
       8.92500     795.43274
       8.93000     796.46895
       8.93500     797.42854
       8.94000     798.31015
       8.94500     799.11248
       8.95000     799.83427
       8.95500     800.47428
       8.96000     801.03130
       8.96500     801.50416
       8.97000     801.89175
       8.97500     802.19297
       8.98000     802.40677
       8.98500     802.53214
       8.99000     802.56812
       8.99500     802.51378
       9.00000     802.36825
       9.00500     802.13070
       9.01000     801.80035
       9.01500     801.37647
       9.02000     800.85839
       9.02500     800.24549
       9.03000     799.53722
       9.03500     798.73306
       9.04000     797.83259
       9.04500     796.83543
       9.05000     795.74129
       9.05500     794.54993
       9.06000     793.26119
       9.06500     791.87499
       9.07000     790.39132
       9.07500     788.81025
       9.08000     787.13194
       9.08500     785.35664
       9.09000     783.48465
       9.09500     781.51642
       9.10000     779.45242
       9.10500     777.29328
       9.11000     775.03968
       9.11500     772.69240
       9.12000     770.25234
       9.12500     767.72046
       9.13000     765.09787
       9.13500     762.38573
       9.14000     759.58532
       9.14500     756.69803
       9.15000     753.72532
       9.15500     750.66879
       9.16000     747.53010
       9.16500     744.31102
       9.17000     741.01344
       9.17500     737.63931
       9.18000     734.19069
       9.18500     730.66973
       9.19000     727.07868
       9.19500     723.41985
       9.20000     719.69566
       9.20500     715.90860
       9.21000     712.06123
       9.21500     708.15620
       9.22000     704.19622
       9.22500     700.18407
       9.23000     696.12259
       9.23500     692.01467
       9.24000     687.86327
       9.24500     683.67138
       9.25000     679.44206
       9.25500     675.17837
       9.26000     670.88344
       9.26500     666.56041
       9.27000     662.21243
       9.27500     657.84271
       9.28000     653.45441
       9.28500     649.05076
       9.29000     644.63494
       9.29500     640.21015
       9.30000     635.77958
       9.30500     631.34640
       9.31000     626.91375
       9.31500     622.48476
       9.32000     618.06251
       9.32500     613.65006
       9.33000     609.25041
       9.33500     604.86654
       9.34000     600.50134
       9.34500     596.15769
       9.35000     591.83836
       9.35500     587.54609
       9.36000     583.28355
       9.36500     579.05332
       9.37000     574.85790
       9.37500     570.69974
       9.38000     566.58118
       9.38500     562.50448
       9.39000     558.47181
       9.39500     554.48526
       9.40000     550.54681
       9.40500     546.65836
       9.41000     542.82171
       9.41500     539.03854
       9.42000     535.31045
       9.42500     531.63893
       9.43000     528.02538
       9.43500     524.47109
       9.44000     520.97722
       9.44500     517.54487
       9.45000     514.17501
       9.45500     510.86851
       9.46000     507.62612
       9.46500     504.44853
       9.47000     501.33628
       9.47500     498.28983
       9.48000     495.30954
       9.48500     492.39566
       9.49000     489.54836
       9.49500     486.76768
       9.50000     484.05359
       9.50500     481.40597
       9.51000     478.82457
       9.51500     476.30910
       9.52000     473.85914
       9.52500     471.47419
       9.53000     469.15369
       9.53500     466.89696
       9.54000     464.70327
       9.54500     462.57179
       9.55000     460.50162
       9.55500     458.49179
       9.56000     456.54126
       9.56500     454.64891
       9.57000     452.81355
       9.57500     451.03395
       9.58000     449.30879
       9.58500     447.63670
       9.59000     446.01625
       9.59500     444.44598
       9.60000     442.92434
       9.60500     441.44976
       9.61000     440.02061
       9.61500     438.63522
       9.62000     437.29187
       9.62500     435.98882
       9.63000     434.72429
       9.63500     433.49646
       9.64000     432.30348
       9.64500     431.14348
       9.65000     430.01456
       9.65500     428.91481
       9.66000     427.84229
       9.66500     426.79505
       9.67000     425.77114
       9.67500     424.76858
       9.68000     423.78540
       9.68500     422.81961
       9.69000     421.86925
       9.69500     420.93234
       9.70000     420.00692
       9.70500     419.09102
       9.71000     418.18271
       9.71500     417.28006
       9.72000     416.38116
       9.72500     415.48413
       9.73000     414.58711
       9.73500     413.68827
       9.74000     412.78581
       9.74500     411.87798
       9.75000     410.96305
       9.75500     410.03933
       9.76000     409.10519
       9.76500     408.15904
       9.77000     407.19933
       9.77500     406.22458
       9.78000     405.23335
       9.78500     404.22426
       9.79000     403.19601
       9.79500     402.14735
       9.80000     401.07707
       9.80500     399.98407
       9.81000     398.86730
       9.81500     397.72578
       9.82000     396.55860
       9.82500     395.36494
       9.83000     394.14404
       9.83500     392.89524
       9.84000     391.61793
       9.84500     390.31161
       9.85000     388.97585
       9.85500     387.61028
       9.86000     386.21466
       9.86500     384.78880
       9.87000     383.33260
       9.87500     381.84604
       9.88000     380.32920
       9.88500     378.78223
       9.89000     377.20537
       9.89500     375.59895
       9.90000     373.96335
       9.90500     372.29906
       9.91000     370.60666
       9.91500     368.88678
       9.92000     367.14013
       9.92500     365.36752
       9.93000     363.56982
       9.93500     361.74796
       9.94000     359.90295
       9.94500     358.03588
       9.95000     356.14788
       9.95500     354.24016
       9.96000     352.31399
       9.96500     350.37068
       9.97000     348.41162
       9.97500     346.43823
       9.98000     344.45199
       9.98500     342.45442
       9.99000     340.44709
       9.99500     338.43158
