0.91458 3.5869701442425885
0.9028369696969697 3.5385118705779464
0.8910939393939393 3.491042549867304
0.8793509090909091 3.444562182110661
0.8676078787878787 3.399070767308017
0.8558648484848485 3.3545683054593733
0.8441218181818181 3.311054796564729
0.8323787878787878 3.2685302406240844
0.8206357575757575 3.2269946376374388
0.8088927272727272 3.186447987604793
0.797149696969697 3.1468902905261467
0.7854066666666666 3.1083215464015
0.7736636363636363 3.070741755230853
0.761920606060606 3.0341509170142054
0.7501775757575757 2.998549031751557
0.7384345454545453 2.9639360994429085
0.7266915151515151 2.9303121200882596
0.7149484848484848 2.8976770936876104
0.7032054545454545 2.86603102024096
0.6914624242424242 2.83537389974831
0.6797193939393938 2.805705732209659
0.6679763636363636 2.7770265176250075
0.6562333333333332 2.7493362559943555
0.644490303030303 2.722634947317703
0.6327472727272727 2.696922591595051
0.6210042424242423 2.6721991888263976
0.609261212121212 2.648464739011744
0.5975181818181817 2.62571924215109
0.5857751515151515 2.6039626982444353
0.5740321212121211 2.5831951072917803
0.5622890909090908 2.5634164692931245
0.5505460606060606 2.544626784248469
0.5388030303030302 2.5268260521578125
0.5270599999999999 2.5100142730211554
0.5153169696969696 2.494191446838498
0.5035739393939394 2.4793575736098403
0.491830909090909 2.465512653335182
0.48008787878787873 2.4526566860145236
0.4683448484848484 2.440789671647864
0.4566018181818181 2.4299116102352043
0.4448587878787878 2.420022501776544
0.4331157575757575 2.411122346271884
0.4213727272727272 2.4032111437212227
0.40962969696969687 2.3962888941245613
0.3978866666666666 2.390355597481899
0.38614363636363624 2.385411253793237
0.374400606060606 2.381455863058574
0.3626575757575756 2.3784894252779107
0.35091454545454537 2.376511940451247
0.3391715151515151 2.375523408578583
0.32742848484848475 2.375523829659918
0.3156854545454545 2.3765132036952528
0.3039424242424241 2.3784915306845873
0.29219939393939387 2.381458810627921
0.2804563636363635 2.3854150435252546
0.26871333333333325 2.3903602293765873
0.256970303030303 2.3962943681819198
0.24522727272727263 2.403217459941252
0.23348424242424237 2.4111295046545833
0.221741212121212 2.4200305023219144
0.20999818181818175 2.429920452943245
0.19825515151515138 2.4407993565185753
0.18651212121212113 2.452667213047905
0.17476909090909076 2.4655240225312345
0.1630260606060605 2.479369784968563
0.15128303030303025 2.4942045003598916
0.1395399999999999 2.5100281687052197
0.12779696969696963 2.526840790004547
0.11605393939393926 2.5446423642578737
0.10431090909090901 2.5634328914652005
0.09256787878787864 2.5832123716265265
0.08082484848484839 2.603980804741852
0.06908181818181802 2.625738190811177
0.05733878787878777 2.648484529834502
0.04559575757575751 2.672219821811826
0.033852727272727146 2.69694406674315
0.02210969696969689 2.722657264628473
0.010366666666666524 2.749359415467796
-0.001376363636363731 2.777050519261118
-0.013119393939394097 2.80573057600844
-0.024862424242424352 2.8353995857097614
-0.03660545454545461 2.8660575483650823
-0.048348484848484974 2.897704463974403
-0.06009151515151523 2.930340332537723
-0.0718345454545456 2.9639651540550425
-0.08357757575757585 2.9985789285263613
-0.09532060606060622 3.0341816559516803
-0.10706363636363658 3.0707733363309986
-0.11880666666666673 3.108353969664316
-0.1305496969696971 3.1469235559516333
-0.14229272727272746 3.1864820951929502
-0.1540357575757576 3.227029587388266
-0.16577878787878797 3.2685660325375823
-0.17752181818181834 3.311091430640898
-0.1892648484848487 3.354605781698213
-0.20100787878787885 3.399109085709527
-0.2127509090909092 3.444601342674841
-0.22449393939393958 3.491082552594155
-0.23623696969696972 3.5385527154674676
-0.24798000000000003 3.58701183129478
