-0.73238 1.1183463258927062
-0.7206369696969698 1.0736174178857922
-0.7088939393939394 1.0298013368041716
-0.6971509090909092 0.9868980826478453
-0.6854078787878788 0.9449076554168123
-0.6736648484848485 0.9038300551110735
-0.6619218181818182 0.8636652817306281
-0.6501787878787879 0.8244133352754769
-0.6384357575757575 0.7860742157456191
-0.6266927272727273 0.7486479231410554
-0.614949696969697 0.7121344574617856
-0.6032066666666667 0.6765338187078093
-0.5914636363636364 0.6418460068791271
-0.579720606060606 0.6080710219757383
-0.5679775757575758 0.5752088639976436
-0.5562345454545454 0.5432595329448424
-0.5444915151515152 0.5122230288173354
-0.5327484848484849 0.4820993516151222
-0.5210054545454545 0.4528885013382024
-0.5092624242424243 0.4245904779865768
-0.49751939393939393 0.39720528156024465
-0.4857763636363637 0.3707329120592066
-0.47403333333333336 0.34517336948346217
-0.46229030303030305 0.3205266538330116
-0.45054727272727274 0.2967927651078548
-0.43880424242424243 0.2739717033079918
-0.4270612121212121 0.25206346843342264
-0.4153181818181818 0.23106806048414724
-0.40357515151515155 0.21098547946016577
-0.39183212121212124 0.19181572536147798
-0.38008909090909093 0.173558798188084
-0.3683460606060606 0.15621469793998383
-0.3566030303030303 0.1397834246171774
-0.34486 0.12426497821966484
-0.3331169696969697 0.10965935874744606
-0.3213739393939394 0.09596656620052109
-0.30963090909090907 0.08318660057888991
-0.2978878787878788 0.07131946188255264
-0.2861448484848485 0.06036515011150906
-0.2744018181818182 0.050323665265759286
-0.2626587878787879 0.04119500734530331
-0.25091575757575757 0.03297917635014114
-0.23917272727272726 0.025676172280272767
-0.22742969696969695 0.019285995135698196
-0.2156866666666667 0.013808644916417465
-0.20394363636363633 0.00924412162243049
-0.19220060606060607 0.005592425253737321
-0.1804575757575757 0.002853555810337957
-0.16871454545454545 0.0010275132922323849
-0.1569715151515152 0.00011429769942063184
-0.14522848484848483 0.0001139090319026842
-0.13348545454545457 0.0010263472896785142
-0.12174242424242421 0.0028516124727481634
-0.10999939393939395 0.00558970458111159
-0.09825636363636359 0.009240623614768836
-0.08651333333333333 0.013804369573719867
-0.07477030303030308 0.019280942457964682
-0.06302727272727271 0.02567034226750335
-0.051284242424242454 0.032972569002335764
-0.03954121212121209 0.041187622662462044
-0.027798181818181833 0.050315503247882046
-0.016055151515151467 0.06035621075859594
-0.004312121212121212 0.07130974519460354
0.007430909090909155 0.08317610655590504
0.01917393939393941 0.09595529484250023
0.030916969696969665 0.10964731005438921
0.04266000000000003 0.12425215219157215
0.054403030303030286 0.13976982125404872
0.06614606060606065 0.15620031724181926
0.07788909090909091 0.17354364015488344
0.08963212121212127 0.19179978999324157
0.10137515151515153 0.21096876675689336
0.1131181818181819 0.2310505704458391
0.12486121212121215 0.25204520106007844
0.1366042424242424 0.2739526585996116
0.14834727272727277 0.2967729430644388
0.16009030303030303 0.32050605445455954
0.1718333333333334 0.3451519927699743
0.18357636363636365 0.37071075801068265
0.19531939393939401 0.397182350176685
0.20706242424242427 0.424566769267981
0.21880545454545453 0.4528640152845707
0.2305484848484849 0.4820740882264545
0.24229151515151515 0.5121969880936318
0.2540345454545455 0.5432327148861033
0.26577757575757577 0.5751812686038681
0.27752060606060613 0.6080426492469272
0.2892636363636365 0.64181685681528
0.30100666666666664 0.676503891308926
0.312749696969697 0.7121037527278665
0.3244927272727274 0.7486164410721006
0.3362357575757575 0.7860419563416281
0.3479787878787879 0.8243802985364498
0.35972181818181825 0.8636314676565656
0.3714648484848486 0.9037954637019749
0.38320787878787876 0.9448722866726775
0.39495090909090913 0.9868619365686745
0.4066939393939395 1.0297644133899655
0.41843696969696964 1.073579717136549
0.43018 1.1183078478084278
