-1.2 0.11812536561365637
-1.1757575757575758 0.11340085256878304
-1.1515151515151514 0.10877275775163649
-1.1272727272727272 0.1042410811622168
-1.103030303030303 0.0998058228005239
-1.0787878787878786 0.09546698266655779
-1.0545454545454545 0.09122456076031853
-1.0303030303030303 0.08707855708180608
-1.006060606060606 0.08302897163102045
-0.9818181818181818 0.07907580440796161
-0.9575757575757575 0.07521905541262958
-0.9333333333333333 0.0714587246450244
-0.9090909090909091 0.067794812105146
-0.8848484848484848 0.06422731779299441
-0.8606060606060606 0.060756241708569664
-0.8363636363636363 0.057381583851871705
-0.812121212121212 0.054103344222900564
-0.7878787878787878 0.050921522821656254
-0.7636363636363637 0.047836119648138754
-0.7393939393939393 0.04484713470234805
-0.7151515151515151 0.04195456798428418
-0.6909090909090909 0.03915841949394712
-0.6666666666666666 0.03645868923133686
-0.6424242424242423 0.033855377196453415
-0.6181818181818182 0.0313484833892968
-0.5939393939393939 0.028938007809866977
-0.5696969696969697 0.026623950458163986
-0.5454545454545454 0.0244063113341878
-0.5212121212121211 0.022285090437938422
-0.49696969696969695 0.02026028776941587
-0.47272727272727266 0.01833190332862012
-0.4484848484848485 0.0164999371155512
-0.4242424242424242 0.014764389130209075
-0.3999999999999999 0.013125259372593772
-0.37575757575757573 0.011582547842705288
-0.35151515151515145 0.010136254540543609
-0.32727272727272727 0.008786379466108751
-0.303030303030303 0.007532922619400701
-0.2787878787878787 0.006375884000419465
-0.2545454545454545 0.005315263609165047
-0.23030303030303023 0.004351061445637438
-0.20606060606060606 0.003483277509836647
-0.18181818181818188 0.0027119118017626693
-0.15757575757575748 0.0020369643214154993
-0.1333333333333333 0.0014584350687951485
-0.10909090909090913 0.0009763240439016112
-0.08484848484848473 0.000590631246734884
-0.06060606060606055 0.0003013566772949738
-0.036363636363636376 0.0001085003355818768
-0.012121212121211977 1.2062221595592486e-05
0.0121212121212122 1.2042335336122673e-05
0.036363636363636376 0.00010844067680346601
0.06060606060606055 0.0003012572459976225
0.08484848484848495 0.0005904920429185953
0.10909090909090913 0.000976145067566379
0.1333333333333333 0.0014582163199409759
0.1575757575757577 0.002036705800042392
0.18181818181818188 0.002711613507870616
0.20606060606060606 0.0034829394434256525
0.23030303030303045 0.004350683606707512
0.25454545454545463 0.005314845997716176
0.2787878787878788 0.006375426616451654
0.303030303030303 0.007532425462913944
0.3272727272727274 0.008785842537103059
0.35151515151515156 0.010135677839018977
0.37575757575757573 0.011581931368661709
0.40000000000000013 0.013124603126031266
0.4242424242424243 0.014763693111127626
0.4484848484848485 0.0164992013239508
0.47272727272727266 0.01833112776450078
0.49696969696969706 0.020259472432777596
0.5212121212121212 0.02228423532878121
0.5454545454545454 0.024405416452511635
0.5696969696969698 0.026623015803968895
0.593939393939394 0.028937033383152948
0.6181818181818182 0.031347469190063815
0.6424242424242426 0.03385432322470151
0.6666666666666667 0.03645759548706601
0.6909090909090909 0.03915728597715731
0.7151515151515151 0.04195339469497543
0.7393939393939395 0.04484592164052039
0.7636363636363637 0.04783486681379214
0.7878787878787878 0.050920230214790696
0.8121212121212122 0.0541020118435161
0.8363636363636362 0.057380211699968264
0.8606060606060606 0.060754829784147285
0.884848484848485 0.06422586609605313
0.909090909090909 0.06779332063568573
0.9333333333333333 0.0714571934030452
0.9575757575757577 0.07521748439813149
0.9818181818181817 0.0790741936209445
1.006060606060606 0.08302732107148443
1.0303030303030305 0.08707686674975115
1.0545454545454545 0.09122283065574463
1.0787878787878789 0.09546521278946499
1.1030303030303032 0.09980401315091215
1.1272727272727272 0.10423923174008606
1.1515151515151516 0.10877086855698688
1.175757575757576 0.11339892360161449
1.2 0.11812339687396883
