2.2 3.6783774004510983
2.175757575757576 3.6753238034312434
2.151515151515152 3.6723325249801957
2.1272727272727274 3.6694035650979546
2.103030303030303 3.6665369237845207
2.078787878787879 3.663732601039894
2.0545454545454547 3.6609905968640737
2.0303030303030303 3.6583109112570606
2.0060606060606063 3.655693544218855
1.981818181818182 3.653138495749456
1.9575757575757577 3.6506457658488642
1.9333333333333336 3.6482153545170792
1.9090909090909092 3.645847261754102
1.884848484848485 3.6435414875599306
1.8606060606060608 3.641298031934567
1.8363636363636364 3.6391168948780104
1.8121212121212122 3.6369980763902605
1.787878787878788 3.6349415764713178
1.7636363636363637 3.632947395121182
1.7393939393939395 3.631015532339853
1.7151515151515153 3.6291459881273314
1.690909090909091 3.6273387624836166
1.6666666666666667 3.625593855408709
1.6424242424242426 3.6239112669026086
1.6181818181818182 3.6222909969653148
1.593939393939394 3.620733045596828
1.5696969696969698 3.6192374127971485
1.5454545454545454 3.617804098566276
1.5212121212121212 3.6164331029042103
1.496969696969697 3.6151244258109516
1.4727272727272727 3.6138780672865
1.4484848484848487 3.6126940273308557
1.4242424242424243 3.6115723059440183
1.4 3.6105129031259877
1.375757575757576 3.609515818876764
1.3515151515151516 3.608581053196348
1.3272727272727274 3.607708606084738
1.3030303030303032 3.6068984775419355
1.2787878787878788 3.6061506675679404
1.2545454545454546 3.6054651761627516
1.2303030303030305 3.6048420033263704
1.206060606060606 3.604281149058796
1.1818181818181819 3.603782613360029
1.1575757575757577 3.603346396230068
1.1333333333333333 3.602972497668915
1.1090909090909091 3.6026609176765687
1.084848484848485 3.6024116562530293
1.0606060606060606 3.602224713398297
1.0363636363636364 3.6021000891123713
1.0121212121212122 3.6020377833952533
0.9878787878787878 3.602037796246942
0.9636363636363636 3.6021001276674376
0.9393939393939394 3.6022247776567404
0.915151515151515 3.6024117462148504
0.8909090909090909 3.602661033341767
0.8666666666666667 3.6029726390374908
0.8424242424242423 3.6033465633020216
0.8181818181818181 3.6037828061353596
0.793939393939394 3.6042813675375043
0.7696969696969698 3.604842247508456
0.7454545454545454 3.605465446048215
0.7212121212121212 3.606150963156781
0.696969696969697 3.6068987988341537
0.6727272727272726 3.607708953080334
0.6484848484848484 3.608581425895321
0.6242424242424243 3.6095162172791144
0.5999999999999999 3.6105133272317156
0.5757575757575757 3.6115727557531234
0.5515151515151515 3.6126945028433384
0.5272727272727271 3.6138785685023604
0.5030303030303029 3.6151249527301896
0.47878787878787876 3.6164336555268255
0.4545454545454546 3.6178046768922685
0.4303030303030302 3.6192380168265186
0.406060606060606 3.620733675329576
0.38181818181818183 3.6222916524014397
0.35757575757575744 3.6239119480421107
0.33333333333333326 3.625594562251589
0.3090909090909091 3.627339495029874
0.2848484848484847 3.629146746376966
0.2606060606060605 3.6310163162928655
0.23636363636363633 3.6329482047775716
0.21212121212121193 3.634942411831085
0.18787878787878798 3.636998937453405
0.16363636363636358 3.639117781644532
0.13939393939393918 3.6412989444044666
0.11515151515151523 3.6435424257332074
0.09090909090909083 3.645848225630756
0.06666666666666643 3.648216344097111
0.042424242424242475 3.6506467811322736
0.018181818181818077 3.6531395367362425
-0.006060606060606322 3.655694610909019
-0.030303030303030276 3.6583120036506025
-0.054545454545454675 3.6609917149609927
-0.07878787878787907 3.66373374484019
-0.10303030303030303 3.6665380932881946
-0.12727272727272743 3.6694047603050057
-0.15151515151515182 3.672333745890624
-0.17575757575757578 3.6753250500450494
-0.19999999999999996 3.678378672768282
