-2.2 5.362990184418743
-2.175757575757576 5.323318788769622
-2.151515151515152 5.284457010032059
-2.1272727272727274 5.246404848206056
-2.103030303030303 5.2091623032916115
-2.078787878787879 5.172729375288727
-2.0545454545454547 5.1371060641974005
-2.0303030303030303 5.102292370017634
-2.0060606060606063 5.0682882927494255
-1.981818181818182 5.035093832392778
-1.9575757575757577 5.0027089889476875
-1.9333333333333336 4.971133762414158
-1.9090909090909092 4.940368152792185
-1.884848484848485 4.910412160081774
-1.8606060606060608 4.88126578428292
-1.8363636363636364 4.8529290253956265
-1.8121212121212122 4.825401883419892
-1.787878787878788 4.798684358355716
-1.7636363636363637 4.772776450203099
-1.7393939393939395 4.747678158962042
-1.7151515151515153 4.723389484632544
-1.690909090909091 4.699910427214604
-1.6666666666666667 4.677240986708224
-1.6424242424242426 4.655381163113403
-1.6181818181818182 4.634330956430141
-1.593939393939394 4.614090366658439
-1.5696969696969698 4.5946593937982945
-1.5454545454545454 4.57603803784971
-1.5212121212121212 4.558226298812684
-1.496969696969697 4.541224176687218
-1.4727272727272727 4.525031671473311
-1.4484848484848487 4.509648783170963
-1.4242424242424243 4.495075511780174
-1.4 4.481311857300944
-1.375757575757576 4.468357819733273
-1.3515151515151516 4.4562133990771615
-1.3272727272727274 4.444878595332609
-1.3030303030303032 4.434353408499616
-1.2787878787878788 4.424637838578182
-1.2545454545454546 4.415731885568306
-1.2303030303030305 4.40763554946999
-1.206060606060606 4.400348830283233
-1.1818181818181819 4.393871728008035
-1.1575757575757577 4.388204242644396
-1.1333333333333333 4.383346374192317
-1.1090909090909091 4.379298122651797
-1.084848484848485 4.376059488022835
-1.0606060606060606 4.373630470305432
-1.0363636363636364 4.37201106949959
-1.0121212121212122 4.371201285605306
-0.9878787878787878 4.37120111862258
-0.9636363636363636 4.372010568551414
-0.9393939393939394 4.373629635391808
-0.915151515151515 4.376058319143761
-0.8909090909090909 4.379296619807272
-0.8666666666666667 4.383344537382342
-0.8424242424242423 4.388202071868972
-0.8181818181818181 4.393869223267161
-0.793939393939394 4.400345991576909
-0.7696969696969698 4.407632376798216
-0.7454545454545454 4.415728378931083
-0.7212121212121212 4.424633997975508
-0.696969696969697 4.434349233931492
-0.6727272727272726 4.444874086799036
-0.6484848484848484 4.456208556578138
-0.6242424242424243 4.4683526432688
-0.5999999999999999 4.481306346871021
-0.5757575757575757 4.495069667384801
-0.5515151515151515 4.50964260481014
-0.5272727272727271 4.525025159147038
-0.5030303030303029 4.5412173303954955
-0.47878787878787876 4.558219118555512
-0.4545454545454546 4.576030523627088
-0.4303030303030302 4.594651545610223
-0.406060606060606 4.614082184504916
-0.38181818181818183 4.634322440311169
-0.35757575757575744 4.655372313028981
-0.33333333333333326 4.677231802658352
-0.3090909090909091 4.6999009091992825
-0.2848484848484847 4.723379632651772
-0.2606060606060605 4.747667973015821
-0.23636363636363633 4.7727659302914285
-0.21212121212121193 4.798673504478595
-0.18787878787878798 4.825390695577321
-0.16363636363636358 4.852917503587606
-0.13939393939393918 4.88125392850945
-0.11515151515151523 4.910399970342853
-0.09090909090909083 4.940355629087815
-0.06666666666666643 4.971120904744337
-0.042424242424242475 5.002695797312417
-0.018181818181818077 5.035080306792057
0.006060606060606322 5.068274433183256
0.030303030303030276 5.1022781764860135
0.054545454545454675 5.13709153670033
0.07878787878787907 5.1727145138262065
0.10303030303030303 5.209147107863641
0.12727272727272743 5.2463893188126365
0.15151515151515182 5.28444114667319
0.17575757575757578 5.3233025914453025
0.19999999999999996 5.362973653128973
