-1.2 2.519902197821983
-1.1757575757575758 2.4191168098270563
-1.1515151515151514 2.320388257827486
-1.1272727272727272 2.223716541823274
-1.103030303030303 2.1291016618144187
-1.0787878787878786 2.03654361780092
-1.0545454545454545 1.9460424097827795
-1.0303030303030303 1.857598037759996
-1.006060606060606 1.7712105017325697
-0.9818181818181818 1.6868798017005002
-0.9575757575757575 1.6046059376637878
-0.9333333333333333 1.5243889096224332
-0.9090909090909091 1.4462287175764352
-0.8848484848484848 1.3701253615257947
-0.8606060606060606 1.2960788414705116
-0.8363636363636363 1.2240891574105852
-0.812121212121212 1.1541563093460163
-0.7878787878787878 1.0862802972768046
-0.7636363636363637 1.0204611212029504
-0.7393939393939393 0.9566987811244525
-0.7151515151515151 0.8949932770413126
-0.6909090909090909 0.8353446089535298
-0.6666666666666666 0.7777527768611041
-0.6424242424242423 0.7222177807640354
-0.6181818181818182 0.6687396206623243
-0.5939393939393939 0.61731829655597
-0.5696969696969697 0.5679538084449732
-0.5454545454545454 0.5206461563293334
-0.5212121212121211 0.47539534020905083
-0.49696969696969695 0.43220136008412563
-0.47272727272727266 0.3910642159545575
-0.4484848484848485 0.35198390782034666
-0.4242424242424242 0.3149604356814929
-0.3999999999999999 0.27999379953799636
-0.37575757575757573 0.24708399938985715
-0.35151515151515145 0.21623103523707501
-0.32727272727272727 0.1874349070796502
-0.303030303030303 0.16069561491758244
-0.2787878787878787 0.13601315875087192
-0.2545454545454545 0.11338753857951868
-0.23030303030303023 0.09281875440352255
-0.20606060606060606 0.07430680622288371
-0.18181818181818188 0.05785169403760207
-0.15757575757575748 0.04345341784767749
-0.1333333333333333 0.031111977653110252
-0.10909090909090913 0.0208273734539002
-0.08484848484848473 0.012599605250047267
-0.06060606060606055 0.006428673041551611
-0.036363636363636376 0.0023145768284131476
-0.012121212121211977 0.00025731661063186436
0.0121212121212122 0.0002568923882077997
0.036363636363636376 0.0023133041611409257
0.06060606060606055 0.006426551929431241
0.08484848484848495 0.012596635693078817
0.10909090909090913 0.02082355545208353
0.1333333333333333 0.03110731120644544
0.1575757575757577 0.04344790295616465
0.18181818181818188 0.05784533070124096
0.20606060606060606 0.07429959444167444
0.23030303030303045 0.09281069417746532
0.25454545454545463 0.11337862990861321
0.2787878787878788 0.13600340163511832
0.303030303030303 0.16068500935698057
0.3272727272727274 0.18742345307420033
0.35151515151515156 0.21621873278677697
0.37575757575757573 0.24707084849471087
0.40000000000000013 0.27997980019800217
0.4242424242424243 0.31494558789665045
0.4484848484848485 0.35196821159065594
0.47272727272727266 0.3910476712800186
0.49696969696969706 0.4321839669647388
0.5212121212121212 0.47537709864481587
0.5454545454545454 0.5206270663202501
0.5696969696969698 0.567933869991042
0.593939393939394 0.6172975096571907
0.6181818181818182 0.6687179853186964
0.6424242424242426 0.7221952969755601
0.6666666666666667 0.7777294446277803
0.6909090909090909 0.8353204282753576
0.7151515151515151 0.8949682479182922
0.7393939393939395 0.9566729035565846
0.7636363636363637 1.0204343951902337
0.7878787878787878 1.0862527228192398
0.8121212121212122 1.1541278864436038
0.8363636363636362 1.2240598860633236
0.8606060606060606 1.2960487216784022
0.884848484848485 1.3700943932888379
0.909090909090909 1.4461969008946294
0.9333333333333333 1.5243562444957797
0.9575757575757577 1.6045724240922867
0.9818181818181817 1.6868454396841497
1.006060606060606 1.7711752912713716
1.0303030303030305 1.8575619788539506
1.0545454545454545 1.9460055024318852
1.0787878787878789 2.036505862005178
1.1030303030303032 2.1290630575738287
1.1272727272727272 2.223677089137835
1.1515151515151516 2.3203479566971996
1.175757575757576 2.419075660251922
1.2 2.519860199802
