2.2 5.54488290024955
2.175757575757576 5.4813978004672075
2.151515151515152 5.419208320419513
2.1272727272727274 5.358314460106465
2.103030303030303 5.298716219528062
2.078787878787879 5.240413598684309
2.0545454545454547 5.1834065975752
2.0303030303030303 5.1276952162007365
2.0060606060606063 5.073279454560922
1.981818181818182 5.020159312655752
1.9575757575757577 4.96833479048523
1.9333333333333336 4.917805888049354
1.9090909090909092 4.868572605348125
1.884848484848485 4.820634942381542
1.8606060606060608 4.773992899149605
1.8363636363636364 4.728646475652315
1.8121212121212122 4.684595671889673
1.787878787878788 4.641840487861676
1.7636363636363637 4.600380923568325
1.7393939393939395 4.560216979009621
1.7151515151515153 4.521348654185564
1.690909090909091 4.483775949096154
1.6666666666666667 4.44749886374139
1.6424242424242426 4.412517398121272
1.6181818181818182 4.378831552235802
1.593939393939394 4.346441326084977
1.5696969696969698 4.315346719668799
1.5454545454545454 4.285547732987268
1.5212121212121212 4.257044366040383
1.496969696969697 4.229836618828146
1.4727272727272727 4.203924491350554
1.4484848484848487 4.179307983607609
1.4242424242424243 4.15598709559931
1.4 4.133961827325658
1.375757575757576 4.113232178786653
1.3515151515151516 4.093798149982295
1.3272727272727274 4.075659740912582
1.3030303030303032 4.058816951577516
1.2787878787878788 4.043269781977097
1.2545454545454546 4.029018232111325
1.2303030303030305 4.016062301980198
1.206060606060606 4.004401991583718
1.1818181818181819 3.9940373009218852
1.1575757575757577 3.9849682299946987
1.1333333333333333 3.9771947788021587
1.1090909090909091 3.9707169473442656
1.084848484848485 3.965534735621018
1.0606060606060606 3.9616481436324182
1.0363636363636364 3.9590571713784644
1.0121212121212122 3.957761818859157
0.9878787878787878 3.9577620860744966
0.9636363636363636 3.9590579730244824
0.9393939393939394 3.9616494797091146
0.915151515151515 3.965536606128394
0.8909090909090909 3.970719352282319
0.8666666666666667 3.977197718170891
0.8424242424242423 3.98497170379411
0.8181818181818181 3.9940413091519753
0.793939393939394 4.004406534244486
0.7696969696969698 4.016067379071645
0.7454545454545454 4.02902384363345
0.7212121212121212 4.043275927929901
0.696969696969697 4.058823631960999
0.6727272727272726 4.075666955726743
0.6484848484848484 4.093805899227134
0.6242424242424243 4.113240462462172
0.5999999999999999 4.133970645431856
0.5757575757575757 4.155996448136187
0.5515151515151515 4.179317870575163
0.5272727272727271 4.203934912748787
0.5030303030303029 4.229847574657057
0.47878787878787876 4.257055856299974
0.4545454545454546 4.285559757677538
0.4303030303030302 4.315359278789748
0.406060606060606 4.346454419636604
0.38181818181818183 4.378845180218107
0.35757575757575744 4.412531560534257
0.33333333333333326 4.447513560585053
0.3090909090909091 4.4837911803704955
0.2848484848484847 4.521364419890585
0.2606060606060605 4.56023327914532
0.23636363636363633 4.600397758134703
0.21212121212121193 4.641857856858731
0.18787878787878798 4.684613575317407
0.16363636363636358 4.728664913510729
0.13939393939393918 4.774011871438697
0.11515151515151523 4.820654449101312
0.09090909090909083 4.868592646498573
0.06666666666666643 4.917826463630482
0.042424242424242475 4.968355900497036
0.018181818181818077 5.020180957098237
-0.006060606060606322 5.0733016334340855
-0.030303030303030276 5.127717929504579
-0.054545454545454675 5.18342984530972
-0.07878787878787907 5.240437380849508
-0.10303030303030303 5.298740536123941
-0.12727272727272743 5.358339311133022
-0.15151515151515182 5.419233705876749
-0.17575757575757578 5.481423720355123
-0.19999999999999996 5.5449093545681425
