1.2 0.31521022109778846
1.1757575757575758 0.3026030467008456
1.1515151515151514 0.290253162660292
1.1272727272727272 0.2781605689761279
1.103030303030303 0.2663252656483531
1.0787878787878786 0.2547472526769677
1.0545454545454545 0.24342653006197165
1.0303030303030303 0.23236309780336498
1.006060606060606 0.22155695590114766
0.9818181818181818 0.2110081043553197
0.9575757575757575 0.20071654316588108
0.9333333333333333 0.1906822723328319
0.9090909090909091 0.180905291856172
0.8848484848484848 0.17138560173590148
0.8606060606060606 0.16212320197202038
0.8363636363636363 0.15311809256452857
0.812121212121212 0.14437027351342616
0.7878787878787878 0.13587974481871315
0.7636363636363637 0.1276465064803895
0.7393939393939393 0.11967055849845512
0.7151515151515151 0.1119519008729102
0.6909090909090909 0.10449053360375464
0.6666666666666666 0.09728645669098841
0.6424242424242423 0.09033967013461155
0.6181818181818182 0.08365017393462408
0.5939393939393939 0.07721796809102595
0.5696969696969697 0.07104305260381721
0.5454545454545454 0.06512542747299782
0.5212121212121211 0.05946509269856779
0.49696969696969695 0.054062048280527145
0.47272727272727266 0.04891629421887584
0.4484848484848485 0.044027830513613926
0.4242424242424242 0.039396657164741354
0.3999999999999999 0.03502277417225815
0.37575757575757573 0.03090618153616433
0.35151515151515145 0.027046879256459856
0.32727272727272727 0.023444867333144763
0.303030303030303 0.020100145766219022
0.2787878787878787 0.017012714555682644
0.2545454545454545 0.014182573701535644
0.23030303030303023 0.011609723203777997
0.20606060606060606 0.009294163062409728
0.18181818181818188 0.0072358932774308216
0.15757575757575748 0.005434913848841265
0.1333333333333333 0.0038912247766410882
0.10909090909090913 0.002604826060830276
0.08484848484848473 0.0015757177014088196
0.06060606060606055 0.0008038996983767375
0.036363636363636376 0.0002893720517340192
0.012121212121211977 3.2134761480663485e-05
-0.0121212121212122 3.2187827616675064e-05
-0.036363636363636376 0.0002895312501420504
-0.06060606060606055 0.0008041650290567895
-0.08484848484848495 0.001576089164360901
-0.10909090909090913 0.00260530365605437
-0.1333333333333333 0.003891808504137203
-0.1575757575757577 0.005435603708609414
-0.18181818181818188 0.007236689269470977
-0.20606060606060606 0.009295065186721903
-0.23030303030303045 0.011610731460362216
-0.25454545454545463 0.014183688090391873
-0.2787878787878788 0.017013935076810892
-0.303030303030303 0.02010147241961928
-0.3272727272727274 0.023446300118817057
-0.35151515151515156 0.027048418174404173
-0.37575757575757573 0.03090782658638065
-0.40000000000000013 0.035024525354746525
-0.4242424242424243 0.03939851447950173
-0.4484848484848485 0.04402979396064631
-0.47272727272727266 0.048918363798180244
-0.49696969696969706 0.05406422399210359
-0.5212121212121212 0.059467374542416254
-0.5454545454545454 0.06512781544911829
-0.5696969696969698 0.07104554671220974
-0.593939393939394 0.07722056833169051
-0.6181818181818182 0.08365288030756063
-0.6424242424242426 0.09034248263982018
-0.6666666666666667 0.09728937532846903
-0.6909090909090909 0.10449355837350725
-0.7151515151515151 0.11195503177493484
-0.7393939393939395 0.11967379553275184
-0.7636363636363637 0.12764984964695816
-0.7878787878787878 0.13588319411755384
-0.8121212121212122 0.14437382894453893
-0.8363636363636362 0.15312175412791326
-0.8606060606060606 0.16212696966767712
-0.884848484848485 0.17138947556383033
-0.909090909090909 0.18090927181637276
-0.9333333333333333 0.1906863584253047
-0.9575757575757577 0.200720735390626
-0.9818181818181817 0.2110124027123365
-1.006060606060606 0.22156136039043653
-1.0303030303030305 0.23236760842492596
-1.0545454545454545 0.24343114681580458
-1.0787878787878789 0.2547519755630727
-1.1030303030303032 0.26633009466673024
-1.1272727272727272 0.27816550412677693
-1.1515151515151516 0.29025820394321317
-1.175757575757576 0.3026081941160388
-1.2 0.3152154746452535
