0.27148 3.035129710726875
0.26848848484848487 3.0334366384684857
0.2654969696969697 3.0317781198837928
0.26250545454545454 3.0301541549727964
0.2595139393939394 3.0285647437354966
0.2565224242424242 3.0270098861718933
0.2535309090909091 3.025489582281986
0.25053939393939395 3.0240038320657754
0.2475478787878788 3.0225526355232613
0.24455636363636363 3.0211359926544437
0.2415648484848485 3.0197539034593226
0.23857333333333333 3.018406367937898
0.23558181818181817 3.0170933860901696
0.23259030303030304 3.015814957916138
0.22959878787878787 3.014571083415803
0.2266072727272727 3.013361762589164
0.22361575757575758 3.0121869954362217
0.22062424242424244 3.011046781956976
0.21763272727272728 3.0099411221514263
0.21464121212121212 3.008870016019573
0.211649696969697 3.007833463561417
0.20865818181818183 3.006831464776957
0.20566666666666666 3.0058640196661934
0.20267515151515153 3.0049311282291264
0.19968363636363637 3.0040327904657556
0.1966921212121212 3.0031690063760816
0.19370060606060607 3.002339775960104
0.1907090909090909 3.0015450992178225
0.18771757575757575 3.0007849761492382
0.18472606060606062 3.0000594067543496
0.18173454545454545 2.999368391033158
0.1787430303030303 2.9987119289856627
0.17575151515151516 2.9980900206118637
0.17276000000000002 2.9975026659117616
0.16976848484848486 2.9969498648853556
0.1667769696969697 2.996431617532646
0.16378545454545457 2.9959479238536333
0.1607939393939394 2.9954987838483165
0.15780242424242424 2.9950841975166966
0.1548109090909091 2.994704164858773
0.15181939393939395 2.9943586858745457
0.1488278787878788 2.9940477605640154
0.14583636363636365 2.993771388927181
0.1428448484848485 2.9935295709640433
0.13985333333333333 2.993322306674602
0.1368618181818182 2.993149596058857
0.13387030303030303 2.9930114391168092
0.1308787878787879 2.9929078358484573
0.12788727272727274 2.992838786253802
0.12489575757575758 2.992804290332843
0.12190424242424244 2.9928043480855804
0.11891272727272728 2.9928389595120146
0.11592121212121215 2.992908124612145
0.11292969696969699 2.9930118433859723
0.10993818181818182 2.9931501158334957
0.10694666666666669 2.9933229419547156
0.10395515151515153 2.993530321749632
0.10096363636363637 2.9937722552182446
0.09797212121212123 2.994048742360554
0.09498060606060607 2.99435978317656
0.09198909090909091 2.994705377666262
0.08899757575757578 2.9950855258296607
0.08600606060606061 2.995500227666756
0.08301454545454548 2.9959494831775477
0.08002303030303032 2.9964332923620356
0.07703151515151516 2.9969516552202204
0.07404000000000002 2.9975045717521014
0.07104848484848486 2.998092041957679
0.06805696969696973 2.998714065836953
0.06506545454545457 2.9993706433899234
0.062073939393939404 3.0000617746165905
0.05908242424242427 3.0007874595169537
0.05609090909090911 3.001547698091014
0.053099393939393946 3.00234249033877
0.05010787878787881 3.003171836260223
0.04711636363636365 3.004035735855372
0.04412484848484849 3.004934189124218
0.041133333333333355 3.00586719606676
0.03814181818181819 3.006834756682999
0.03515030303030306 3.007836870972934
0.0321587878787879 3.0088735389365655
0.029167272727272736 3.0099447605738936
0.026175757575757602 3.0110505358849182
0.02318424242424244 3.0121908648696394
0.020192727272727307 3.0133657475280566
0.017201212121212117 3.0145751838601704
0.014209696969696983 3.015819173865981
0.01121818181818185 3.017097717545488
0.00822666666666666 3.0184108148986915
0.005235151515151526 3.019758465925591
0.002243636363636392 3.0211406706261874
-0.0007478787878787418 3.0225574290004804
-0.0037393939393939313 3.0240087410484695
-0.006730909090909065 3.025494606770155
-0.009722424242424199 3.0270150261655373
-0.012713939393939389 3.028569999234616
-0.015705454545454522 3.0301595259773912
-0.018696969696969656 3.0317836063938626
-0.021688484848484846 3.033442240484031
-0.024679999999999994 3.0351354282478953
