-0.59158 3.1884250832152152
-0.5850612121212121 3.1666706334085606
-0.5785424242424242 3.145360145015809
-0.5720236363636364 3.1244936180369614
-0.5655048484848485 3.1040710524720163
-0.5589860606060606 3.084092448320975
-0.5524672727272727 3.0645578055838367
-0.5459484848484848 3.045467124260602
-0.539429696969697 3.026820404351271
-0.5329109090909091 3.0086176458558427
-0.5263921212121212 2.9908588487743177
-0.5198733333333333 2.9735440131066966
-0.5133545454545454 2.956673138852978
-0.5068357575757576 2.9402462260131634
-0.5003169696969697 2.924263274587252
-0.4937981818181818 2.9087242845752437
-0.48727939393939396 2.893629255977139
-0.48076060606060605 2.8789781887929373
-0.4742418181818182 2.8647710830226387
-0.4677230303030303 2.851007938666244
-0.4612042424242424 2.837688755723752
-0.45468545454545456 2.824813534195164
-0.4481666666666667 2.8123822740804787
-0.4416478787878788 2.800394975379697
-0.4351290909090909 2.7888516380928188
-0.428610303030303 2.7777522622198436
-0.42209151515151516 2.767096847760772
-0.4155727272727273 2.7568853947156033
-0.4090539393939394 2.7471179030843382
-0.4025351515151515 2.7377943728669765
-0.3960163636363636 2.7289148040635176
-0.38949757575757576 2.7204791966739625
-0.3829787878787879 2.712487550698311
-0.37646 2.704939866136562
-0.3699412121212121 2.6978361429887165
-0.36342242424242427 2.691176381254775
-0.35690363636363637 2.684960580934736
-0.3503848484848485 2.6791887420286007
-0.3438660606060606 2.6738608645363686
-0.3373472727272727 2.66897694845804
-0.33082848484848487 2.6645369937936145
-0.32430969696969697 2.6605410005430925
-0.3177909090909091 2.656988968706474
-0.3112721212121212 2.6538808982837585
-0.3047533333333334 2.6512167892749465
-0.2982345454545455 2.6489966416800375
-0.2917157575757576 2.647220455499032
-0.2851969696969697 2.64588823073193
-0.2786781818181818 2.6449999673787308
-0.272159393939394 2.644555665439435
-0.2656406060606061 2.6445553249140428
-0.25912181818181823 2.6449989458025542
-0.25260303030303033 2.6458865281049686
-0.24608424242424243 2.6472180718212863
-0.23956545454545458 2.648993576951507
-0.23304666666666668 2.6512130434956314
-0.22652787878787883 2.653876471453659
-0.22000909090909093 2.65698386082559
-0.21349030303030303 2.6605352116114243
-0.20697151515151518 2.6645305238111616
-0.20045272727272728 2.668969797424803
-0.19393393939393944 2.673853032452347
-0.18741515151515153 2.6791802288937943
-0.1808963636363637 2.6849513867491455
-0.1743775757575758 2.6911665060183996
-0.16785878787878789 2.697825586701557
-0.16134000000000004 2.7049286287986174
-0.15482121212121214 2.7124756323095816
-0.1483024242424243 2.720466597234449
-0.1417836363636364 2.72890152357322
-0.13526484848484854 2.7377804113258937
-0.12874606060606064 2.747103260492471
-0.12222727272727274 2.7568700710729517
-0.1157084848484849 2.767080843067336
-0.10918969696969699 2.777735576475623
-0.10267090909090915 2.7888342712978136
-0.09615212121212124 2.8003769275339074
-0.08963333333333334 2.8123635451839046
-0.08311454545454544 2.824794124247805
-0.07659575757575765 2.837668664725609
-0.07007696969696975 2.8509871666173163
-0.06355818181818185 2.8647496299229265
-0.057039393939393945 2.8789560546424404
-0.050520606060606155 2.8936064407758573
-0.04400181818181825 2.908700788323178
-0.03748303030303035 2.9242390972844015
-0.03096424242424245 2.940221367659529
-0.024445454545454548 2.956647599448559
-0.017926666666666757 2.9735177926514926
-0.011407878787878856 2.9908319472683296
-0.004889090909090954 3.00859006329907
0.0016296969696969477 3.0267921407437135
0.00814848484848485 3.0454381796022605
0.01466727272727264 3.0645281798747104
0.02118606060606054 3.084062141561064
0.027704848484848443 3.104040064661321
0.034223636363636345 3.1244619491754815
0.04074242424242425 3.1453277951035448
0.04726121212121204 3.1666376024455114
0.053779999999999994 3.188391371201382
