0.32267999999999997 1.1085804157523782
0.31616121212121207 1.064241043430032
0.3096424242424242 1.0208065704218203
0.3031236363636363 0.9782769967277424
0.29660484848484847 0.9366523223477989
0.29008606060606057 0.8959325472819892
0.28356727272727267 0.8561176715303137
0.2770484848484848 0.8172076950927726
0.2705296969696969 0.7792026179693653
0.2640109090909091 0.7421024401600924
0.25749212121212117 0.7059071616649534
0.2509733333333333 0.6706167824839487
0.24445454545454542 0.636231302617078
0.23793575757575755 0.6027507220643415
0.23141696969696968 0.5701750408257391
0.22489818181818177 0.5385042589012707
0.21837939393939393 0.5077383762909368
0.21186060606060603 0.4778773929947365
0.20534181818181815 0.44892130901267063
0.19882303030303028 0.4208701243447389
0.1923042424242424 0.39372383899094127
0.18578545454545453 0.3674824529512778
0.17926666666666666 0.3421459662257484
0.17274787878787876 0.317714378814353
0.16622909090909088 0.2941876907170919
0.159710303030303 0.27156590193396485
0.15319151515151513 0.249849012464972
0.14667272727272726 0.2290370223101132
0.1401539393939394 0.20912993146938855
0.13363515151515148 0.19012773994279797
0.1271163636363636 0.17203044773034157
0.12059757575757574 0.1548380548320193
0.11407878787878786 0.13855056124783113
0.10755999999999999 0.12316796697777715
0.10104121212121212 0.10869027202185726
0.09452242424242424 0.09511747638007148
0.08800363636363634 0.08244958005241976
0.08148484848484847 0.07068658303890224
0.07496606060606059 0.059828485339518844
0.06844727272727269 0.04987528695426953
0.061928484848484844 0.04082698788315442
0.05540969696969694 0.03268358812617336
0.048890909090909096 0.0254450876833265
0.042372121212121194 0.019111486554613703
0.03585333333333335 0.013682784740035077
0.029334545454545446 0.00915898223959053
0.022815757575757545 0.005540079053280116
0.0162969696969697 0.002826075181103853
0.009778181818181797 0.001016970623061695
0.003259393939393951 0.0001127653791536725
-0.003259393939393951 0.00011345944937977021
-0.009778181818181797 0.0010190528337399882
-0.0162969696969697 0.002829545532234342
-0.0228157575757576 0.0055449375448628265
-0.029334545454545446 0.009165228871625408
-0.03585333333333335 0.013690419512522149
-0.042372121212121194 0.01912050946755297
-0.048890909090909096 0.02545549873671797
-0.055409696969697 0.032695387320017096
-0.061928484848484844 0.04084017521745028
-0.06844727272727275 0.04988986242901767
-0.07496606060606059 0.0598444489547191
-0.0814848484848485 0.07070393479455474
-0.08800363636363634 0.08246831994852441
-0.09452242424242424 0.0951376044166283
-0.10104121212121214 0.10871178819886632
-0.10755999999999999 0.12319087129523837
-0.11407878787878789 0.13857485370574463
-0.12059757575757574 0.1548637354303849
-0.12711636363636364 0.17205751646915943
-0.13363515151515148 0.19015619682206794
-0.1401539393939394 0.20915977648911074
-0.1466727272727273 0.22906825547028764
-0.15319151515151513 0.24988163376559855
-0.15971030303030304 0.2715999113750437
-0.16622909090909088 0.29422308829862287
-0.17274787878787878 0.3177511645363363
-0.17926666666666669 0.3421841400881838
-0.1857854545454546 0.36752201495416553
-0.19230424242424238 0.393764789134281
-0.19882303030303028 0.42091246262853094
-0.20534181818181818 0.448965035436915
-0.21186060606060608 0.4779225075594332
-0.21837939393939387 0.507784878996085
-0.22489818181818177 0.5385521497468715
-0.23141696969696968 0.5702243198117921
-0.23793575757575758 0.6028013891908469
-0.24445454545454548 0.6362833578840358
-0.25097333333333327 0.6706702258913582
-0.25749212121212117 0.7059619932128152
-0.2640109090909091 0.7421586598484065
-0.270529696969697 0.7792602257981318
-0.2770484848484849 0.8172666910619912
-0.28356727272727267 0.8561780556399843
-0.29008606060606057 0.8959943195321121
-0.29660484848484847 0.9367154827383739
-0.3031236363636364 0.9783415452587699
-0.3096424242424243 1.0208725070933
-0.31616121212121207 1.0643083682419636
-0.32267999999999997 1.108649128704762
