-0.14808 0.3362899586679671
-0.14508848484848483 0.32284018228273414
-0.1420969696969697 0.30966488176745954
-0.13910545454545453 0.29676405712214293
-0.1361139393939394 0.2841377083467847
-0.13312242424242424 0.27178583544138446
-0.13013090909090907 0.25970843840594243
-0.12713939393939394 0.24790551724045876
-0.12414787878787878 0.23637707194493315
-0.12115636363636363 0.22512310251936576
-0.11816484848484848 0.21414360896375656
-0.11517333333333332 0.2034385912781055
-0.11218181818181817 0.1930080494624127
-0.10919030303030303 0.18285198351667808
-0.10619878787878786 0.1729703934409016
-0.10320727272727272 0.16336327923508331
-0.10021575757575757 0.15403064089922328
-0.09722424242424242 0.1449724784333214
-0.09423272727272727 0.13618879183737773
-0.09124121212121211 0.1276795811113922
-0.08824969696969696 0.1194448462553649
-0.08525818181818182 0.1114845872692958
-0.08226666666666665 0.10379880415318485
-0.0792751515151515 0.09638749690703212
-0.07628363636363636 0.08925066553083758
-0.07329212121212121 0.08238831002460123
-0.07030060606060606 0.07580043038832307
-0.0673090909090909 0.06948702662200307
-0.06431757575757575 0.06344809872564128
-0.061326060606060606 0.05768364669923768
-0.058334545454545444 0.05219367054279225
-0.0553430303030303 0.046978170256305046
-0.05235151515151515 0.042037145839776024
-0.04936 0.03737059729320519
-0.04636848484848485 0.03297852461659255
-0.04337696969696969 0.028860927809938076
-0.040385454545454544 0.025017806873241812
-0.037393939393939396 0.021449161806503733
-0.034402424242424234 0.018154992609723832
-0.03141090909090909 0.015135299282902139
-0.02841939393939394 0.012390081826038632
-0.02542787878787879 0.009919340239133318
-0.022436363636363643 0.00772307452218619
-0.01944484848484848 0.005801284675197245
-0.01645333333333332 0.004153970698166489
-0.013461818181818186 0.002781132591093939
-0.010470303030303024 0.0016827703539795658
-0.00747878787878789 0.000858883986823391
-0.004487272727272729 0.00030947348962539903
-0.001495757575757567 3.453886238559899e-05
0.001495757575757567 3.4080105103989476e-05
0.004487272727272729 0.00030809721778057056
0.0074787878787878626 0.0008565902004153372
0.010470303030303024 0.0016795590530082993
0.013461818181818186 0.0027770037755594536
0.01645333333333332 0.004148924368068785
0.01944484848484848 0.005795320830536321
0.022436363636363643 0.007716193162962048
0.025427878787878777 0.009911541365345944
0.02841939393939394 0.012381365437688053
0.0314109090909091 0.015125665379988353
0.034402424242424234 0.018144441192246813
0.037393939393939396 0.021437692874463496
0.04038545454545453 0.025005420426638336
0.04337696969696969 0.0288476238487714
0.04636848484848485 0.032964303140862655
0.04935999999999999 0.03735545830291206
0.05235151515151515 0.042021089334919694
0.05534303030303028 0.04696119623688547
0.058334545454545444 0.052175779008809486
0.061326060606060606 0.05766483765069169
0.06431757575757574 0.06342837216253205
0.0673090909090909 0.06946638254433064
0.07030060606060606 0.07577886879608742
0.0732921212121212 0.08236583091780234
0.07628363636363636 0.0892272689094755
0.07927515151515152 0.09636318277110685
0.08226666666666665 0.10377357250269632
0.08525818181818182 0.11145843810424405
0.08824969696969695 0.11941777957574991
0.09124121212121211 0.12765159691721403
0.09423272727272727 0.13615989012863633
0.09722424242424241 0.14494265921001676
0.10021575757575757 0.15399990416135542
0.1032072727272727 0.16333162498265225
0.10619878787878789 0.1729378216739074
0.10919030303030303 0.1828184942351206
0.11218181818181816 0.19297364266629194
0.11517333333333335 0.20340326696742167
0.11816484848484848 0.21410736713850942
0.12115636363636362 0.22508594317955533
0.12414787878787875 0.23633899509055944
0.12713939393939394 0.24786652287152197
0.13013090909090907 0.25966852652244243
0.1331224242424242 0.2717450060433211
0.1361139393939394 0.2840959614341582
0.13910545454545453 0.29672139269495323
0.14209696969696967 0.3096212998257065
0.14508848484848486 0.32279568282641813
0.14808 0.3362445416970878
