-1.2 0.6846173512135134
-1.1757575757575758 0.6572355641625116
-1.1515151515151514 0.6304125867400099
-1.1272727272727272 0.6041484189460088
-1.103030303030303 0.5784430607805079
-1.0787878787878786 0.5532965122435072
-1.0545454545454545 0.5287087733350071
-1.0303030303030303 0.5046798440550072
-1.006060606060606 0.48120972440350773
-0.9818181818181818 0.45829841438050845
-0.9575757575757575 0.43594591398600946
-0.9333333333333333 0.41415222322001094
-0.9090909090909091 0.3929173420825126
-0.8848484848484848 0.3722412705735146
-0.8606060606060606 0.352124008693017
-0.8363636363636363 0.3325655564410197
-0.812121212121212 0.3135659138175227
-0.7878787878787878 0.2951250808225261
-0.7636363636363637 0.27724305745602984
-0.7393939393939393 0.2599198437180337
-0.7151515151515151 0.24315543960853805
-0.6909090909090909 0.22694984512754277
-0.6666666666666666 0.21130306027504772
-0.6424242424242423 0.19621508505105298
-0.6181818181818182 0.18168591945555868
-0.5939393939393939 0.16771556348856462
-0.5696969696969697 0.15430401715007092
-0.5454545454545454 0.14145128044007751
-0.5212121212121211 0.12915735335858441
-0.49696969696969695 0.11742223590559171
-0.47272727272727266 0.1062459280810993
-0.4484848484848485 0.09562842988510724
-0.4242424242424242 0.08556974131761547
-0.3999999999999999 0.07606986237862402
-0.37575757575757573 0.06712879306813294
-0.35151515151515145 0.058746533386142157
-0.32727272727272727 0.05092308333265173
-0.303030303030303 0.043658442907661583
-0.2787878787878787 0.036952612111171776
-0.2545454545454545 0.03080559094318232
-0.23030303030303023 0.02521737940369316
-0.20606060606060606 0.020187977492704352
-0.18181818181818188 0.01571738521021587
-0.15757575757575748 0.011805602556227675
-0.1333333333333333 0.008452629530739842
-0.10909090909090913 0.005658466133752332
-0.08484848484848473 0.0034231123652651275
-0.06060606060606055 0.001746568225278268
-0.036363636363636376 0.0006288337137917322
-0.012121212121211977 6.990883080551679e-05
0.0121212121212122 6.979357631963209e-05
0.036363636363636376 0.0006284879503340704
0.06060606060606055 0.0017459919528488316
0.08484848484848495 0.0034223055838639342
0.10909090909090913 0.005657428843379346
0.1333333333333333 0.008451361731395084
0.1575757575757577 0.011804104247911175
0.18181818181818188 0.015715656392927563
0.20606060606060606 0.02018601816644427
0.23030303030303045 0.025215189568461353
0.25454545454545463 0.030803170598978715
0.2787878787878788 0.0369499612579964
0.303030303030303 0.0436555615455144
0.3272727272727274 0.050919971461532806
0.35151515151515156 0.05874319100605147
0.37575757575757573 0.06712522017907044
0.40000000000000013 0.07606605898058984
0.4242424242424243 0.08556570741060945
0.4484848484848485 0.09562416546912941
0.47272727272727266 0.1062414331561497
0.49696969696969706 0.1174175104716704
0.5212121212121212 0.12915239741569134
0.5454545454545454 0.14144609398821256
0.5696969696969698 0.15429860018923425
0.593939393939394 0.16770991601875618
0.6181818181818182 0.18168004147677838
0.6424242424242426 0.19620897656330108
0.6666666666666667 0.21129672127832397
0.6909090909090909 0.22694327562184716
0.7151515151515151 0.24314863959387067
0.7393939393939395 0.25991281319439474
0.7636363636363637 0.2772357964234189
0.7878787878787878 0.2951175892809434
0.8121212121212122 0.31355819176696836
0.8363636363636362 0.33255760388149336
0.8606060606060606 0.352115825624519
0.884848484848485 0.37223285699604497
0.909090909090909 0.3929086979960709
0.9333333333333333 0.41414334862459756
0.9575757575757577 0.4359368088816245
0.9818181818181817 0.4582890787671514
1.006060606060606 0.48120015828117907
1.0303030303030305 0.5046700474237069
1.0545454545454545 0.5286987461947348
1.0787878787878789 0.5532862545942634
1.1030303030303032 0.5784325726222924
1.1272727272727272 0.6041377002788212
1.1515151515151516 0.6304016375638507
1.175757575757576 0.6572243844773807
1.2 0.6846059410194105
