2.2 3.526159485427854
2.175757575757576 3.498857379332002
2.151515151515152 3.4721124614201067
2.1272727272727274 3.445924731692168
2.103030303030303 3.420294190148185
2.078787878787879 3.39522083678816
2.0545454545454547 3.37070467161209
2.0303030303030303 3.346745694619977
2.0060606060606063 3.323343905811821
1.981818181818182 3.300499305187621
1.9575757575757577 3.278211892747378
1.9333333333333336 3.2564816684910913
1.9090909090909092 3.2353086324187608
1.884848484848485 3.214692784530387
1.8606060606060608 3.19463412482597
1.8363636363636364 3.1751326533055093
1.8121212121212122 3.1561883699690054
1.787878787878788 3.1378012748164577
1.7636363636363637 3.119971367847867
1.7393939393939395 3.1026986490632322
1.7151515151515153 3.085983118462554
1.690909090909091 3.0698247760458326
1.6666666666666667 3.054223621813068
1.6424242424242426 3.0391796557642596
1.6181818181818182 3.0246928778994073
1.593939393939394 3.010763288218512
1.5696969696969698 2.9973908867215733
1.5454545454545454 2.984575673408591
1.5212121212121212 2.9723176482795655
1.496969696969697 2.9606168113344964
1.4727272727272727 2.9494731625733834
1.4484848484848487 2.9388867019962275
1.4242424242424243 2.9288574296030276
1.4 2.9193853453937844
1.375757575757576 2.910470449368498
1.3515151515151516 2.902112741527168
1.3272727272727274 2.8943122218697943
1.3030303030303032 2.8870688903963773
1.2787878787878788 2.8803827471069168
1.2545454545454546 2.8742537920014133
1.2303030303030305 2.868682025079866
1.206060606060606 2.8636674463422747
1.1818181818181819 2.8592100557886404
1.1575757575757577 2.8553098534189627
1.1333333333333333 2.851966839233241
1.1090909090909091 2.8491810132314765
1.084848484848485 2.8469523754136685
1.0606060606060606 2.8452809257798166
1.0363636363636364 2.8441666643299213
1.0121212121212122 2.843609591063983
0.9878787878787878 2.8436097059820007
0.9636363636363636 2.844167009083975
0.9393939393939394 2.845281500369906
0.915151515151515 2.8469531798397933
0.8909090909090909 2.8491820474936373
0.8666666666666667 2.851968103331438
0.8424242424242423 2.855311347353195
0.8181818181818181 2.8592117795589087
0.793939393939394 2.863669399948579
0.7696969696969698 2.8686842085222053
0.7454545454545454 2.8742562052797886
0.7212121212121212 2.880385390221328
0.696969696969697 2.8870717633468246
0.6727272727272726 2.894315324656277
0.6484848484848484 2.9021160741496868
0.6242424242424243 2.9104740118270525
0.5999999999999999 2.9193891376883747
0.5757575757575757 2.9288614517336535
0.5515151515151515 2.938890953962889
0.5272727272727271 2.949477644376081
0.5030303030303029 2.9606215229732293
0.47878787878787876 2.9723225897543344
0.4545454545454546 2.984580844719396
0.4303030303030302 2.9973962878684137
0.406060606060606 3.0107689192013884
0.38181818181818183 3.0246987387183193
0.35757575757575744 3.039185746419207
0.33333333333333326 3.054229942304051
0.3090909090909091 3.069831326372852
0.2848484848484847 3.085989898625609
0.2606060606060605 3.1027056590623228
0.23636363636363633 3.119978607682993
0.21212121212121193 3.13780874448762
0.18787878787878798 3.156196069476203
0.16363636363636358 3.1751405826487433
0.13939393939393918 3.1946422840052398
0.11515151515151523 3.2147011735456923
0.09090909090909083 3.235317251270102
0.06666666666666643 3.256490517178468
0.042424242424242475 3.27822097127079
0.018181818181818077 3.3005086135470694
-0.006060606060606322 3.323353444007305
-0.030303030303030276 3.346755462651497
-0.054545454545454675 3.3707146694796455
-0.07878787878787907 3.395231064491751
-0.10303030303030303 3.4203046476878125
-0.12727272727272743 3.4459354190678306
-0.15151515151515182 3.4721233786318058
-0.17575757575757578 3.4988685263797366
-0.19999999999999996 3.5261708623116244
