2.2 3.5633315950684166
2.175757575757576 3.5572117305024755
2.151515151515152 3.5512167616574097
2.1272727272727274 3.545346688533219
2.103030303030303 3.5396015111299044
2.078787878787879 3.5339812294474644
2.0545454545454547 3.5284858434858997
2.0303030303030303 3.5231153532452106
2.0060606060606063 3.5178697587253964
1.981818181818182 3.5127490599264575
1.9575757575757577 3.5077532568483942
1.9333333333333336 3.502882349491206
1.9090909090909092 3.498136337854893
1.884848484848485 3.493515221939455
1.8606060606060608 3.489019001744893
1.8363636363636364 3.4846476772712056
1.8121212121212122 3.480401248518394
1.787878787878788 3.4762797154864575
1.7636363636363637 3.472283078175396
1.7393939393939395 3.46841133658521
1.7151515151515153 3.4646644907158994
1.690909090909091 3.461042540567464
1.6666666666666667 3.4575454861399035
1.6424242424242426 3.4541733274332187
1.6181818181818182 3.450926064447409
1.593939393939394 3.447803697182475
1.5696969696969698 3.4448062256384158
1.5454545454545454 3.441933649815232
1.5212121212121212 3.4391859697129235
1.496969696969697 3.43656318533149
1.4727272727272727 3.434065296670932
1.4484848484848487 3.4316923037312494
1.4242424242424243 3.429444206512442
1.4 3.4273210050145098
1.375757575757576 3.425322699237453
1.3515151515151516 3.423449289181271
1.3272727272727274 3.4217007748459647
1.3030303030303032 3.420077156231534
1.2787878787878788 3.418578433337978
1.2545454545454546 3.4172046061652974
1.2303030303030305 3.415955674713492
1.206060606060606 3.4148316389825624
1.1818181818181819 3.4138324989725075
1.1575757575757577 3.4129582546833284
1.1333333333333333 3.412208906115024
1.1090909090909091 3.411584453267595
1.084848484848485 3.4110848961410416
1.0606060606060606 3.410710234735363
1.0363636363636364 3.41046046905056
1.0121212121212122 3.410335599086632
0.9878787878787878 3.41033562484358
0.9636363636363636 3.410460546321403
0.9393939393939394 3.4107103635201006
0.915151515151515 3.411085076439674
0.8909090909090909 3.411584685080123
0.8666666666666667 3.4122091894414464
0.8424242424242423 3.4129585895236456
0.8181818181818181 3.41383288532672
0.793939393939394 3.41483207685067
0.7696969696969698 3.415956164095495
0.7454545454545454 3.4172051470611953
0.7212121212121212 3.418579025747771
0.696969696969697 3.4200778001552212
0.6727272727272726 3.4217014702835473
0.6484848484848484 3.4234500361327487
0.6242424242424243 3.4253234977028253
0.5999999999999999 3.4273218549937776
0.5757575757575757 3.4294451080056048
0.5515151515151515 3.431693256738307
0.5272727272727271 3.434066301191885
0.5030303030303029 3.4365642413663378
0.47878787878787876 3.439187077261666
0.4545454545454546 3.4419348088778694
0.4303030303030302 3.4448074362149486
0.406060606060606 3.4478049592729025
0.38181818181818183 3.4509273780517318
0.35757575757575744 3.4541746925514367
0.33333333333333326 3.4575469027720165
0.3090909090909091 3.461044008713472
0.2848484848484847 3.4646660103758022
0.2606060606060605 3.468412907759008
0.23636363636363633 3.472284700863089
0.21212121212121193 3.476281389688045
0.18787878787878798 3.480402974233877
0.16363636363636358 3.484649454500584
0.13939393939393918 3.489020830488166
0.11515151515151523 3.4935171021966234
0.09090909090909083 3.498138269625956
0.06666666666666643 3.502884332776164
0.042424242424242475 3.507755291647247
0.018181818181818077 3.512751146239206
-0.006060606060606322 3.5178718965520397
-0.030303030303030276 3.5231175425857484
-0.054545454545454675 3.528488084340333
-0.07878787878787907 3.5339835218157925
-0.10303030303030303 3.5396038550121274
-0.12727272727272743 3.5453490839293376
-0.15151515151515182 3.551219208567423
-0.17575757575757578 3.5572142289263837
-0.19999999999999996 3.5633341450062197
