-1.2 0.22442811448114525
-1.1757575757575758 0.21545194286047586
-1.1515151515151514 0.2066589576446732
-1.1272727272727272 0.19804915883373747
-1.103030303030303 0.1896225464276685
-1.0787878787878786 0.18137912042646628
-1.0545454545454545 0.17331888083013094
-1.0303030303030303 0.16544182763866241
-1.006060606060606 0.15774796085206064
-0.9818181818181818 0.15023728047032567
-0.9575757575757575 0.1429097864934575
-0.9333333333333333 0.13576547892145616
-0.9090909090909091 0.1288043577543216
-0.8848484848484848 0.12202642299205387
-0.8606060606060606 0.11543167463465295
-0.8363636363636363 0.10902011268211881
-0.812121212121212 0.10279173713445144
-0.7878787878787878 0.09674654799165096
-0.7636363636363637 0.09088454525371725
-0.7393939393939393 0.08520572892065029
-0.7151515151515151 0.07971009899245018
-0.6909090909090909 0.07439765546911688
-0.6666666666666666 0.06926839835065036
-0.6424242424242423 0.06432232763705065
-0.6181818181818182 0.05955944332831776
-0.5939393939393939 0.054979745424451644
-0.5696969696969697 0.05058323392545236
-0.5454545454545454 0.04636990883131986
-0.5212121212121211 0.042339770142054166
-0.49696969696969695 0.03849281785765529
-0.47272727272727266 0.03482905197812321
-0.4484848484848485 0.03134847250345794
-0.4242424242424242 0.028051079433659448
-0.3999999999999999 0.024936872768727775
-0.37575757575757573 0.022005852508662917
-0.35151515151515145 0.019258018653464846
-0.32727272727272727 0.016693371203133595
-0.303030303030303 0.014311910157669139
-0.2787878787878787 0.012113635517071482
-0.2545454545454545 0.01009854728134064
-0.23030303030303023 0.008266645450476593
-0.20606060606060606 0.006617930024479356
-0.18181818181818188 0.005152401003348922
-0.15757575757575748 0.0038700583870852814
-0.1333333333333333 0.0027709021756884555
-0.10909090909090913 0.0018549323691584324
-0.08484848484848473 0.0011221489674952062
-0.06060606060606055 0.00057255197069879
-0.036363636363636376 0.0002061413787691766
-0.012121212121211977 2.2917191706365135e-05
0.0121212121212122 2.2879409510358863e-05
0.036363636363636376 0.0002060280321811553
0.06060606060606055 0.0005723630597187545
0.08484848484848495 0.0011218844921231622
0.10909090909090913 0.0018545923293943687
0.1333333333333333 0.002770486571532378
0.1575757575757577 0.0038695672185372005
0.18181818181818188 0.005151834270408816
0.20606060606060606 0.006617287727147235
0.23030303030303045 0.008265927588752473
0.25454545454545463 0.0100977538552245
0.2787878787878788 0.012112766526563328
0.303030303030303 0.01431096560276896
0.3272727272727274 0.016692351083841414
0.35151515151515156 0.019256922969780654
0.37575757575757573 0.022004681260586693
0.40000000000000013 0.024935625956259564
0.4242424242424243 0.028049757056799216
0.4484848484848485 0.03134707456220567
0.47272727272727266 0.03482757847247892
0.49696969696969706 0.038491268787619014
0.5212121212121212 0.04233814550762587
0.5454545454545454 0.04636820863249954
0.5696969696969698 0.050581458162240044
0.593939393939394 0.054977894096847314
0.6181818181818182 0.059557516436321394
0.6424242424242426 0.0643203251806623
0.6666666666666667 0.06926632032986998
0.6909090909090909 0.07439550188394448
0.7151515151515151 0.07970786984288576
0.7393939393939395 0.0852034242066939
0.7636363636363637 0.0908821649753688
0.7878787878787878 0.09674409214891048
0.8121212121212122 0.10278920572731906
0.8363636363636362 0.1090175057105943
0.8606060606060606 0.11542899209873647
0.884848484848485 0.12202366489174542
0.909090909090909 0.1288015240896211
0.9333333333333333 0.13576256969236364
0.9575757575757577 0.14290680169997302
0.9818181818181817 0.15023422011244908
1.006060606060606 0.15774482492979208
1.0303030303030305 0.1654386161520019
1.0545454545454545 0.17331559377907835
1.0787878787878789 0.18137575781102175
1.1030303030303032 0.18961910824783199
1.1272727272727272 0.19804564508950884
1.1515151515151516 0.20665536833605266
1.175757575757576 0.21544827798746327
1.2 0.22442437404374058
